1.0,-0.023067811012369686,0.04665087565375498,0.004618247846833386,0.015226174493436523,0.1986121650240036,0.1971888801985701,0.04806122036120258,-0.052995779043097685,-0.1254803173878239,-0.17147574592647497,-0.11957170424790806,0.993833122399333,-0.0034997763473640616,0.11543801878250266,0.1541753433444991,0.16108839655112347,0.20172653484644937,0.16709792546384142,0.2004890687891818,0.1770540825161292,0.1889469383692594,0.0937705743702696,0.1767018434523268,0.11704792875543468,0.09570090683603244,0.9968209043939967,0.35261153653580735,0.1980435795141724,0.21247725657017358,0.09423594135656359,0.20014238329858636,0.1842627072436635,0.19835549224592833,0.0924077388312917,-0.00407543337057481,0.20191412991590407,0.17748329586249706,0.22972105120646236,0.22980573478594157,0.2085383939015176,0.3307927053185071,0.32475463555994344,0.2676293437155648
-0.023067811012369686,1.0,0.10828952782012512,0.06795222448448102,-0.0014051384441720095,-0.05470958704744258,-0.07138804170377216,-0.025584924555535418,-0.06470159391963672,-0.06380292509109309,-0.03358057139354815,-0.03677467644781773,-0.02197718174197188,-0.06870370887666853,-0.08021430465657568,-0.07314858808421164,-0.09621217367119045,-0.06791277974573827,-0.10612214550970225,-0.019702222812157645,-0.10522375619803,-0.11453478499864152,-0.13833063326406445,-0.09578323130689556,-0.13315759227732207,-0.13915488947126928,-0.027669236984926092,0.6987121324051966,-0.04195569044970659,-0.0564663936218896,-0.07226690994691282,0.5090580822704589,-0.048722199089153116,-0.06168270431683531,-0.07579518490439789,-0.03613202202899466,-0.04831060112867051,-0.054066888210490015,-0.05989068431585244,-0.06135925585991775,-0.06606599340151047,-0.07305999460128779,-0.0837384707511558,-0.09340694003075316
0.04665087565375498,0.10828952782012512,1.0,0.18892486921308396,-0.07544603985023803,0.13897240819985257,0.06926451842587616,0.02096890094431368,-0.008757381427713061,-0.01704025289728941,-0.009204573250738606,0.00476793756761032,0.05100749503834236,0.14785197179308152,0.2958099824605616,0.30918390708830434,0.3292534804086119,0.29930827469297255,0.11823539847851715,0.1266659439470462,0.11435995449420164,0.12203610654632271,0.12758336787175323,0.12563565320739775,0.12263709022056539,0.12399090469912155,0.05244731718769444,0.08005513767563455,0.4278270818515662,0.12073581030264896,-0.03368951980215315,0.07400627429637151,0.4097559114878353,0.11739067667801902,-0.034573867230583005,0.10654830660324828,0.14145882604529608,0.08287900191490169,0.10256279487051595,0.09586323969391017,0.0909160019906495,0.09647852656481255,0.09244952032760473,0.08830853246330278
0.004618247846833386,0.06795222448448102,0.18892486921308396,1.0,0.08467088536455997,-0.0046899824246030095,-7.139686316405087e-05,-0.040525755591645764,-0.04507876597557089,-0.062290259579353774,-0.03798432095000467,-0.017368630508312867,0.003682868582571535,-0.07073476184686094,0.03981628783635852,0.052585595866152926,0.06629518013049816,0.06912150963899459,0.06937810052083987,0.10853694054818658,0.07293312562675326,0.06853407878815207,0.17916798814796062,0.24457895999107193,0.17129358172885217,0.16756510730602117,0.0036072529182173394,0.04820984013689302,0.07680378433834915,0.3254936557870468,-0.07019226580791943,0.016284844326005382,0.06664433701361532,0.3046010332681188,-0.0688866250566413,-0.04875964991589808,-0.0018506160631403565,0.0006335561480586827,-0.008258884575692236,-0.007247460586568032,-0.005363003112990597,-0.0008672579018250872,-0.0004128064092319033,0.001924085814156874
0.015226174493436523,-0.0014051384441720095,-0.07544603985023803,0.08467088536455997,1.0,-0.13882551410613278,-0.09113510253152218,-0.4972306004841808,0.022250143266717568,0.031042081172502296,0.004014818487059727,0.021355501935161135,0.009949127774645924,-0.25866066013915884,-0.0198157701778509,0.022239725139052334,-0.022432595310371735,-0.032494336972420074,-0.0013245947805008416,-0.0055361538850667,0.003072269416269276,0.0002721144951748085,-0.013119103584811716,-0.02443167808571319,-0.0007065324837859416,-0.0071559432264737795,0.00935592191813502,0.017100152739858893,0.0046692803404910724,0.00626635730083802,0.06891968038595087,-0.004422401939878639,0.013825133940785023,0.010514253565337353,0.06981973503957806,-0.1594935978690352,-0.13265793821061395,-0.1268820632568589,-0.12629388370995764,-0.11854105506192375,-0.08615196395877296,-0.08712800596038768,-0.08533283968967083,-0.06983227908637765
0.1986121650240036,-0.05470958704744258,0.13897240819985257,-0.0046899824246030095,-0.13882551410613278,1.0,0.8688689649080075,0.0903620492834975,-0.04444289105804771,-0.03884164314759716,-0.07026250134509004,-0.06180235043185974,0.205411798804081,0.27038193274672495,0.0976919482336548,0.06683094907737229,0.1277817853437125,0.12588879562344266,0.11762576728228395,0.05042555933107528,0.11800428735433263,0.12342416230267189,0.18638826953484125,0.14985291739576492,0.1799460654914895,0.19011854885403268,0.2072716229304175,0.033972046394972255,0.09813510454937553,0.12077097412854836,0.10795481462206957,0.0028449590283660202,0.08948220541872731,0.11506241486987931,0.10658013192340966,0.22985392735434318,0.9893779769631366,0.8459689987555509,0.9095615043465088,0.8999828165820538,0.8942953713764914,0.8922530284359635,0.8878116182868546,0.8874799448613828
0.1971888801985701,-0.07138804170377216,0.06926451842587616,-7.139686316405087e-05,-0.09113510253152218,0.8688689649080075,1.0,0.07546634419353551,-0.044156506626436456,-0.03086791592267109,-0.0745706541119968,-0.06967440128686674,0.20623771098189161,0.20821610575479838,0.051694901758948995,0.016491656866667447,0.07969670919928533,0.06154234354407071,0.10087106642383091,0.020404611716691667,0.10653500810687702,0.10913343449498339,0.16765235156189184,0.10822691925382988,0.1647156522761515,0.1723827891639448,0.20469904885605095,0.0031407855613502372,0.031565555725957484,0.07573890602560421,0.0961360510270676,-0.01999205675172531,0.0249775291494998,0.06898976393565286,0.09442338509842181,0.17325352526135554,0.8603702832643164,0.9458565369570009,0.9095900982810526,0.9119092317609996,0.9295713234871193,0.896901466337879,0.9034030248218813,0.9201291785272588
0.04806122036120258,-0.025584924555535418,0.02096890094431368,-0.040525755591645764,-0.4972306004841808,0.0903620492834975,0.07546634419353551,1.0,-0.06660042213366035,-0.09048196819892222,-0.0675411726654468,-0.06256608558662648,0.05183236768904498,0.20066669793726116,-0.017523268726942407,-0.014135407551922143,0.0087794232144409,0.03050655581665161,0.061196688088537086,0.050597585464004724,0.06120053993163554,0.06052369559304624,0.03785573283130032,0.02070142286196914,0.042213195934238,0.03625040589931327,0.05276254234852969,-0.009585381195264423,-0.007265648046427441,0.007746868625436275,-0.08523360927507856,-0.04735238181099132,-0.021845948381509286,-0.010513849629217835,-0.08550784935626295,0.13000108912481445,0.08690059599298382,0.08208017746990032,0.07799365726187912,0.07123576559780209,0.06518180643114863,0.07969941537559067,0.07819035778172788,0.06780511179387433
-0.052995779043097685,-0.06470159391963672,-0.008757381427713061,-0.04507876597557089,0.022250143266717568,-0.04444289105804771,-0.044156506626436456,-0.06660042213366035,1.0,0.9551388050692814,0.9514667260948662,0.9001221806684123,-0.053911143498835634,-2.9232994747282352e-05,0.20165938593921787,0.15782212065522405,0.08562290481429076,-0.2551247654001402,0.16770522226591422,0.1639464616339851,0.15836844431829467,0.16835314749065586,0.11038471955648045,0.11906160008791605,0.09398124023677586,0.09991399548893641,-0.05175045120317584,-0.11045621252062744,0.026257595957927933,-0.027522037374582215,0.023708686681700467,0.5670560484971657,0.11073841796139547,0.08157442254843042,0.038697433798335235,0.006211033363887489,-0.03314868619493054,-0.0207856384327944,-0.023201949564734044,-0.022838663215102147,-0.023664166599184897,-0.05484355407489953,-0.05948168953620699,-0.03897325010234857
-0.1254803173878239,-0.06380292509109309,-0.01704025289728941,-0.062290259579353774,0.031042081172502296,-0.03884164314759716,-0.03086791592267109,-0.09048196819892222,0.9551388050692814,1.0,0.9630923663163639,0.9209644573621902,-0.1252800279657198,0.001106970554482032,0.192932756897266,0.18513038573481175,0.06714509232191278,-0.28693777165158,0.08855531454944471,0.13890727358596527,0.08453924575513126,0.08450769810802349,0.03417548682126672,0.07190084943877766,0.013306556927371744,0.023771649524599755,-0.12378659071373628,-0.1659537696342458,-0.009860851077237847,-0.08322070068808768,0.016664436886615692,0.501112978708437,0.07961727531939632,0.03372352644050509,0.0317339127385015,0.010431829995030145,-0.02740042309280489,-0.01937582682283116,-0.0056745026798011005,-0.004865849269846892,-0.003665902022805529,-0.05271491119004104,-0.055834999319541126,-0.027209806558917617
-0.17147574592647497,-0.03358057139354815,-0.009204573250738606,-0.03798432095000467,0.004014818487059727,-0.07026250134509004,-0.0745706541119968,-0.0675411726654468,0.9514667260948662,0.9630923663163639,1.0,0.9485499700848402,-0.17154113845681665,-0.0032362442264497995,0.21126390298849104,0.1874674419658758,0.08872773476063227,-0.29544706384100683,0.08457258304378525,0.15073245952137654,0.07806933432936741,0.07672661603666342,0.011501913704998968,0.048076544745272135,-0.012551281803182244,-0.0013520815602782617,-0.1699497550740087,-0.14313429492325266,-0.0019981913776635526,-0.07295673494099163,0.014740400267410846,0.5248190583760218,0.08487430650841685,0.043295805071297704,0.030545330219331025,-0.006262329681043976,-0.06046791773275788,-0.05460112630532106,-0.0380051106987725,-0.03769940747825198,-0.0421636169234019,-0.09833446880469367,-0.10187556314084882,-0.07196335655389303
-0.11957170424790806,-0.03677467644781773,0.00476793756761032,-0.017368630508312867,0.021355501935161135,-0.06180235043185974,-0.06967440128686674,-0.06256608558662648,0.9001221806684123,0.9209644573621902,0.9485499700848402,1.0,-0.11978138344122018,-0.014441748264784955,0.21186646070642365,0.19942238797789755,0.09297176327647833,-0.279541086735794,0.0912572002869224,0.14831863882372556,0.08695342708147087,0.09092111498462742,-0.005602791395576545,0.038818785304570246,-0.017683681080514692,-0.01261354233915318,-0.11853766150367333,-0.13668978223337644,0.003067744616203133,-0.062025793546791344,-0.002209893694139232,0.49387268667589945,0.08481857835471865,0.04632801369581668,0.013461890799580238,0.0038575302838220623,-0.045468877785796634,-0.052827907992179186,-0.031090192032487415,-0.03164393108193919,-0.026646140725711448,-0.07720087189301171,-0.0807632698736159,-0.048928596607758605
0.993833122399333,-0.02197718174197188,0.05100749503834236,0.003682868582571535,0.009949127774645924,0.205411798804081,0.20623771098189161,0.05183236768904498,-0.053911143498835634,-0.1252800279657198,-0.17154113845681665,-0.11978138344122018,1.0,0.007299085602375812,0.11526216165481057,0.1539757905322024,0.161280264785106,0.202024083069118,0.1671688056032149,0.20060968198475318,0.17709099404817955,0.18898637338776209,0.09463385620389288,0.17779161348542125,0.11748384988827182,0.0965073286129676,0.9967735089482391,0.35350406728420736,0.19830855103253445,0.21395081010208303,0.09678603383874498,0.20348476415603187,0.18406183390495615,0.19981954134918106,0.09479976118687321,0.00480079230657343,0.20834788621158612,0.18618677015855337,0.23544846799612806,0.2351105664342072,0.21394759516620065,0.3351056111183304,0.3291955053142862,0.27263382723720253
-0.0034997763473640616,-0.06870370887666853,0.14785197179308152,-0.07073476184686094,-0.25866066013915884,0.27038193274672495,0.20821610575479838,0.20066669793726116,-2.9232994747282352e-05,0.001106970554482032,-0.0032362442264497995,-0.014441748264784955,0.007299085602375812,1.0,-0.0011558068559167109,-0.0036927023105018807,0.017973312733724895,0.025144315176981312,-0.018982922111477805,-0.04260262763816169,-0.02132733995495824,-0.014940897751760138,0.02813093394304823,0.02142006441461829,0.018946297663596477,0.02454712634070203,0.007799430136403646,-0.050498630620386245,0.03635357253193302,-0.0036124331870744,-0.01313385524007349,-0.02240486974744044,0.025274155671016773,-0.0036327936413027254,-0.013735955987497373,0.531256620417705,0.2627368400150177,0.21370828310595186,0.2037487457478487,0.18382816647435501,0.17449469293163844,0.18206521219702118,0.1748398549792035,0.16953314467565378
0.11543801878250266,-0.08021430465657568,0.2958099824605616,0.03981628783635852,-0.0198157701778509,0.0976919482336548,0.051694901758948995,-0.017523268726942407,0.20165938593921787,0.192932756897266,0.21126390298849104,0.21186646070642365,0.11526216165481057,-0.0011558068559167109,1.0,0.8593586267609282,0.912326868259902,0.6106623364777823,0.5087442301669921,0.5288043726960037,0.5046781334010799,0.4836055715791497,0.4218848192717734,0.39168091677176,0.4111752162107343,0.42921522235516846,0.1181969319762163,0.08677235224803072,0.7169248149036547,0.34752785883504034,0.12185205123787125,0.2400393039220401,0.7098977355131384,0.3508269490697675,0.1260494245477523,-0.003993243853724873,0.10237108734341398,0.05450916797587181,0.08739765758019609,0.08609142528627808,0.07959877500560397,0.10538637139756536,0.10159692397115996,0.09803019609230221
0.1541753433444991,-0.07314858808421164,0.30918390708830434,0.052585595866152926,0.022239725139052334,0.06683094907737229,0.016491656866667447,-0.014135407551922143,0.15782212065522405,0.18513038573481175,0.1874674419658758,0.19942238797789755,0.1539757905322024,-0.0036927023105018807,0.8593586267609282,1.0,0.8880528668111444,0.6001113077603373,0.3245102009537036,0.4372822365808162,0.31414752447462674,0.3207166874419485,0.27961446678184376,0.4018709396659788,0.2627397924704807,0.2776560331900198,0.15651003057624874,0.09778708000472935,0.7542030367390611,0.34900937159518614,0.11699891333226446,0.1930041533190313,0.7467068522534107,0.3591703294426541,0.12276665397411501,-0.010239436780720262,0.06378378097584378,0.008897778138568463,0.06332793436052767,0.061998266276781476,0.04427867865842918,0.07386953049919773,0.0723866938787253,0.060530506125082935
0.16108839655112347,-0.09621217367119045,0.3292534804086119,0.06629518013049816,-0.022432595310371735,0.1277817853437125,0.07969670919928533,0.0087794232144409,0.08562290481429076,0.06714509232191278,0.08872773476063227,0.09297176327647833,0.161280264785106,0.017973312733724895,0.912326868259902,0.8880528668111444,1.0,0.728580011232904,0.55375131602895,0.5090209944651218,0.549588767333683,0.5522262559653432,0.5350326973685077,0.47706285349272826,0.5242235092983362,0.5368155519375665,0.16387444879159843,0.103792636662852,0.7098570000692835,0.3593889477469751,0.12452420754044513,0.19157105489353735,0.6983128954865101,0.35475982943225254,0.12762973261483743,0.002796743586095543,0.12662499995850685,0.07766006980797771,0.11131242744730077,0.11038915761748648,0.09930668803014042,0.12963946639316878,0.1269168820036025,0.11753812532697357
0.20172653484644937,-0.06791277974573827,0.29930827469297255,0.06912150963899459,-0.032494336972420074,0.12588879562344266,0.06154234354407071,0.03050655581665161,-0.2551247654001402,-0.28693777165158,-0.29544706384100683,-0.279541086735794,0.202024083069118,0.025144315176981312,0.6106623364777823,0.6001113077603373,0.728580011232904,1.0,0.5043973874301748,0.4232306413004054,0.4972533547264705,0.5132166170498633,0.5225244169886418,0.41470393612472356,0.5131773155578133,0.5230402679394557,0.20444130626531506,0.18681963602119572,0.7209672711120342,0.42935849759890377,0.16827637142311463,0.005081810092747507,0.7119736737996193,0.4075285597467683,0.16695604323145,0.007328738435255557,0.12312950453759469,0.0714593457019773,0.09138048992610173,0.08893364634521561,0.0623977018565129,0.11634358931901989,0.11357697800537701,0.0873629948979571
0.16709792546384142,-0.10612214550970225,0.11823539847851715,0.06937810052083987,-0.0013245947805008416,0.11762576728228395,0.10087106642383091,0.061196688088537086,0.16770522226591422,0.08855531454944471,0.08457258304378525,0.0912572002869224,0.1671688056032149,-0.018982922111477805,0.5087442301669921,0.3245102009537036,0.55375131602895,0.5043973874301748,1.0,0.7820223879528313,0.9899476705643817,0.9924256923635179,0.7589494012207982,0.43039928569793273,0.7844259699492069,0.7688967464739372,0.1683992246825162,0.12388735527493788,0.3299591580492798,0.3463636328819262,0.09688081626589447,0.22819526089163453,0.3258165808843673,0.33740278619293496,0.10054739332192421,-0.02558616905617714,0.12439153352415222,0.11851305005441619,0.09364854729671605,0.09393008643701048,0.10347960659456487,0.13323524976198406,0.12798277854412196,0.1330492159493991
0.2004890687891818,-0.019702222812157645,0.1266659439470462,0.10853694054818658,-0.0055361538850667,0.05042555933107528,0.020404611716691667,0.050597585464004724,0.1639464616339851,0.13890727358596527,0.15073245952137654,0.14831863882372556,0.20060968198475318,-0.04260262763816169,0.5288043726960037,0.4372822365808162,0.5090209944651218,0.4232306413004054,0.7820223879528313,1.0,0.7697398878178622,0.7597046872933326,0.48516197711781983,0.46763897665847004,0.4655147262695589,0.46736151775136014,0.20107433097197608,0.2035733094509588,0.3961664849664617,0.4001433299363514,0.11106648789037867,0.29145311006016605,0.39753853135290496,0.4043186479606843,0.11650038432960563,-0.027363478668876885,0.05463608401766194,0.032580578767829556,0.04012495074523291,0.03921194160156266,0.031112652517040724,0.05936337263084216,0.05679932275890917,0.05366593368755525
0.1770540825161292,-0.10522375619803,0.11435995449420164,0.07293312562675326,0.003072269416269276,0.11800428735433263,0.10653500810687702,0.06120053993163554,0.15836844431829467,0.08453924575513126,0.07806933432936741,0.08695342708147087,0.17709099404817955,-0.02132733995495824,0.5046781334010799,0.31414752447462674,0.549588767333683,0.4972533547264705,0.9899476705643817,0.7697398878178622,1.0,0.9857453857942062,0.7550557146589899,0.40141468056143287,0.7875364937036705,0.7656127317204486,0.17840919991026194,0.12041316216035094,0.3035260216555888,0.3207081370591334,0.07934711720517461,0.22198618698694927,0.29729014833802203,0.30806945286013976,0.0826843971245971,-0.025240935419148326,0.12624492903834988,0.11891544058162774,0.09683613599630927,0.0972052073063785,0.10995942141167983,0.14051846914773694,0.1349388945214355,0.14291288618499942
0.1889469383692594,-0.11453478499864152,0.12203610654632271,0.06853407878815207,0.0002721144951748085,0.12342416230267189,0.10913343449498339,0.06052369559304624,0.16835314749065586,0.08450769810802349,0.07672661603666342,0.09092111498462742,0.18898637338776209,-0.014940897751760138,0.4836055715791497,0.3207166874419485,0.5522262559653432,0.5132166170498633,0.9924256923635179,0.7597046872933326,0.9857453857942062,1.0,0.7750411381826395,0.4428705012355904,0.802582205713603,0.783514233122595,0.1902302912512346,0.1250096372417825,0.3292420021309879,0.3468910995491266,0.09798950338489663,0.2288476583896729,0.3244296535940734,0.33680953727022633,0.10149726471842031,-0.023421793597133835,0.12992386805178496,0.12479268697570506,0.10023743495524763,0.10056965371215822,0.10964018827746257,0.14108042385470135,0.1356687621677845,0.1401405648925423
0.0937705743702696,-0.13833063326406445,0.12758336787175323,0.17916798814796062,-0.013119103584811716,0.18638826953484125,0.16765235156189184,0.03785573283130032,0.11038471955648045,0.03417548682126672,0.011501913704998968,-0.005602791395576545,0.09463385620389288,0.02813093394304823,0.4218848192717734,0.27961446678184376,0.5350326973685077,0.5225244169886418,0.7589494012207982,0.48516197711781983,0.7550557146589899,0.7750411381826395,1.0,0.7593126510689774,0.9864568636574421,0.9951457551307902,0.09666710217589301,0.0452700621115041,0.3116065368273487,0.5580732217721026,0.14940796791380576,0.15918533479186178,0.3058862871709131,0.5349511131964805,0.15116684380961334,0.004129476320658192,0.1898871621194812,0.18695229763761767,0.15058308126893935,0.149212988957775,0.15291708298843443,0.17492552208979498,0.1706769262722912,0.1732677463748443
0.1767018434523268,-0.09578323130689556,0.12563565320739775,0.24457895999107193,-0.02443167808571319,0.14985291739576492,0.10822691925382988,0.02070142286196914,0.11906160008791605,0.07190084943877766,0.048076544745272135,0.038818785304570246,0.17779161348542125,0.02142006441461829,0.39168091677176,0.4018709396659788,0.47706285349272826,0.41470393612472356,0.43039928569793273,0.46763897665847004,0.40141468056143287,0.4428705012355904,0.7593126510689774,1.0,0.696470130871472,0.7355495537482177,0.17941999617938453,0.09829102814912294,0.39657171325983104,0.757531959906804,0.204053200462511,0.1950467191911919,0.39772893395490316,0.7505998645397102,0.2081176857906961,-0.0074405583172571215,0.1466459095854279,0.1271643354849599,0.11547855927112598,0.11250530385838918,0.10094712382504284,0.1289457375805951,0.12823839326275455,0.11674622391727198
0.11704792875543468,-0.13315759227732207,0.12263709022056539,0.17129358172885217,-0.0007065324837859416,0.1799460654914895,0.1647156522761515,0.042213195934238,0.09398124023677586,0.013306556927371744,-0.012551281803182244,-0.017683681080514692,0.11748384988827182,0.018946297663596477,0.4111752162107343,0.2627397924704807,0.5242235092983362,0.5131773155578133,0.7844259699492069,0.4655147262695589,0.7875364937036705,0.802582205713603,0.9864568636574421,0.696470130871472,1.0,0.9911980248252217,0.11942045598383813,0.04903783359998397,0.2838861561045933,0.5050504369662279,0.12455732173943476,0.1420776008418746,0.2730638403412452,0.4733679606143528,0.12558889547618948,-0.0009367168503873738,0.18517212087353851,0.18293493485572002,0.145532211508769,0.14429082936776452,0.15148971611260273,0.17993800709661237,0.17511807707167426,0.17665692335124855
0.09570090683603244,-0.13915488947126928,0.12399090469912155,0.16756510730602117,-0.0071559432264737795,0.19011854885403268,0.1723827891639448,0.03625040589931327,0.09991399548893641,0.023771649524599755,-0.0013520815602782617,-0.01261354233915318,0.0965073286129676,0.02454712634070203,0.42921522235516846,0.2776560331900198,0.5368155519375665,0.5230402679394557,0.7688967464739372,0.46736151775136014,0.7656127317204486,0.783514233122595,0.9951457551307902,0.7355495537482177,0.9911980248252217,1.0,0.09844821296040929,0.04413218764559923,0.3074060559534436,0.5499191474073152,0.14838304834647387,0.14822159954587516,0.3010412884739815,0.5260772877013239,0.1499830658247922,0.002974226385184884,0.19473839859708705,0.1909221435387231,0.15567448166397224,0.1543570375254323,0.16105557001174403,0.18316164141034993,0.17883453035430527,0.18232463374482447
0.9968209043939967,-0.027669236984926092,0.05244731718769444,0.0036072529182173394,0.00935592191813502,0.2072716229304175,0.20469904885605095,0.05276254234852969,-0.05175045120317584,-0.12378659071373628,-0.1699497550740087,-0.11853766150367333,0.9967735089482391,0.007799430136403646,0.1181969319762163,0.15651003057624874,0.16387444879159843,0.20444130626531506,0.1683992246825162,0.20107433097197608,0.17840919991026194,0.1902302912512346,0.09666710217589301,0.17941999617938453,0.11942045598383813,0.09844821296040929,1.0,0.3490460535264584,0.20156313526770134,0.21509951099307553,0.09877121168567446,0.1986978373580422,0.187566394945088,0.20127130399217624,0.09691954049307104,0.004744533488071074,0.21022660682268424,0.18464577040559008,0.23734008160384787,0.2368562820807094,0.21532446946737857,0.33696580613791816,0.3308275447327433,0.2740870486427777
0.35261153653580735,0.6987121324051966,0.08005513767563455,0.04820984013689302,0.017100152739858893,0.033972046394972255,0.0031407855613502372,-0.009585381195264423,-0.11045621252062744,-0.1659537696342458,-0.14313429492325266,-0.13668978223337644,0.35350406728420736,-0.050498630620386245,0.08677235224803072,0.09778708000472935,0.103792636662852,0.18681963602119572,0.12388735527493788,0.2035733094509588,0.12041316216035094,0.1250096372417825,0.0452700621115041,0.09829102814912294,0.04903783359998397,0.04413218764559923,0.3490460535264584,1.0,0.18227449975085275,0.20137676137911967,0.06857185781842123,0.6722195950970006,0.16480253730433123,0.18042404502835474,0.06586384676316061,-0.04008509859665029,0.03389895712632464,0.005248462489317029,0.02540729880064223,0.024591365750807326,-0.005068589572885701,0.0497586397737805,0.04033171691808588,0.004712678287956856
0.1980435795141724,-0.04195569044970659,0.4278270818515662,0.07680378433834915,0.0046692803404910724,0.09813510454937553,0.031565555725957484,-0.007265648046427441,0.026257595957927933,-0.009860851077237847,-0.0019981913776635526,0.003067744616203133,0.19830855103253445,0.03635357253193302,0.7169248149036547,0.7542030367390611,0.7098570000692835,0.7209672711120342,0.3299591580492798,0.3961664849664617,0.3035260216555888,0.3292420021309879,0.3116065368273487,0.39657171325983104,0.2838861561045933,0.3074060559534436,0.20156313526770134,0.18227449975085275,1.0,0.5032841230494429,0.19030429768728355,0.1593067968751407,0.9813807694129476,0.5009839439709017,0.1931003339819973,0.017464994858007895,0.10017614555876989,0.04260297293712761,0.07756926724223706,0.07296763965414085,0.05814144919101975,0.09827142601525575,0.09451538785292497,0.08119547154172077
0.21247725657017358,-0.0564663936218896,0.12073581030264896,0.3254936557870468,0.00626635730083802,0.12077097412854836,0.07573890602560421,0.007746868625436275,-0.027522037374582215,-0.08322070068808768,-0.07295673494099163,-0.062025793546791344,0.21395081010208303,-0.0036124331870744,0.34752785883504034,0.34900937159518614,0.3593889477469751,0.42935849759890377,0.3463636328819262,0.4001433299363514,0.3207081370591334,0.3468910995491266,0.5580732217721026,0.757531959906804,0.5050504369662279,0.5499191474073152,0.21509951099307553,0.20137676137911967,0.5032841230494429,1.0,0.23358998906763,0.14431241568686598,0.4882375977301973,0.9720297478886653,0.23646870576696202,-0.02763291468470041,0.12221254585120865,0.08727231128243143,0.09433353799925848,0.09249357811718414,0.07570337811161686,0.11563443786748515,0.11425174643414496,0.10224503229317192
0.09423594135656359,-0.07226690994691282,-0.03368951980215315,-0.07019226580791943,0.06891968038595087,0.10795481462206957,0.0961360510270676,-0.08523360927507856,0.023708686681700467,0.016664436886615692,0.014740400267410846,-0.002209893694139232,0.09678603383874498,-0.01313385524007349,0.12185205123787125,0.11699891333226446,0.12452420754044513,0.16827637142311463,0.09688081626589447,0.11106648789037867,0.07934711720517461,0.09798950338489663,0.14940796791380576,0.204053200462511,0.12455732173943476,0.14838304834647387,0.09877121168567446,0.06857185781842123,0.19030429768728355,0.23358998906763,1.0,0.06794864396274591,0.20144056343409827,0.25713834459572266,0.9982545255614712,-0.03017987082965723,0.10477835826092328,0.08896753196859529,0.10676931746288965,0.1081222727860162,0.0954817005282777,0.09288940053978148,0.09332626642374152,0.08882143689996463
0.20014238329858636,0.5090580822704589,0.07400627429637151,0.016284844326005382,-0.004422401939878639,0.0028449590283660202,-0.01999205675172531,-0.04735238181099132,0.5670560484971657,0.501112978708437,0.5248190583760218,0.49387268667589945,0.20348476415603187,-0.02240486974744044,0.2400393039220401,0.1930041533190313,0.19157105489353735,0.005081810092747507,0.22819526089163453,0.29145311006016605,0.22198618698694927,0.2288476583896729,0.15918533479186178,0.1950467191911919,0.1420776008418746,0.14822159954587516,0.1986978373580422,0.6722195950970006,0.1593067968751407,0.14431241568686598,0.06794864396274591,1.0,0.2039639427700768,0.1998525365325027,0.0764870875008003,-0.005394514568695164,0.010951183760734798,0.0028897064144742354,0.010129385509555791,0.00931349990971989,-0.01579549154342559,0.0010535183526873928,-0.008820096027127335,-0.022136973062992515
0.1842627072436635,-0.048722199089153116,0.4097559114878353,0.06664433701361532,0.013825133940785023,0.08948220541872731,0.0249775291494998,-0.021845948381509286,0.11073841796139547,0.07961727531939632,0.08487430650841685,0.08481857835471865,0.18406183390495615,0.025274155671016773,0.7098977355131384,0.7467068522534107,0.6983128954865101,0.7119736737996193,0.3258165808843673,0.39753853135290496,0.29729014833802203,0.3244296535940734,0.3058862871709131,0.39772893395490316,0.2730638403412452,0.3010412884739815,0.187566394945088,0.16480253730433123,0.9813807694129476,0.4882375977301973,0.20144056343409827,0.2039639427700768,1.0,0.513186218367629,0.20690992090491092,0.009470158041397617,0.09307061395726016,0.036119120139896474,0.07411874670726758,0.06988708473776056,0.05584249732260367,0.08864297634211186,0.08492676847978708,0.07484809151397075
0.19835549224592833,-0.06168270431683531,0.11739067667801902,0.3046010332681188,0.010514253565337353,0.11506241486987931,0.06898976393565286,-0.010513849629217835,0.08157442254843042,0.03372352644050509,0.043295805071297704,0.04632801369581668,0.19981954134918106,-0.0036327936413027254,0.3508269490697675,0.3591703294426541,0.35475982943225254,0.4075285597467683,0.33740278619293496,0.4043186479606843,0.30806945286013976,0.33680953727022633,0.5349511131964805,0.7505998645397102,0.4733679606143528,0.5260772877013239,0.20127130399217624,0.18042404502835474,0.5009839439709017,0.9720297478886653,0.25713834459572266,0.1998525365325027,0.513186218367629,1.0,0.2638990769905137,-0.028407419470757173,0.11675264065968778,0.08099840628577533,0.09577239671693417,0.09406591185903525,0.07484064165450856,0.1058665825008136,0.10447294341242938,0.09482128383045073
0.0924077388312917,-0.07579518490439789,-0.034573867230583005,-0.0688866250566413,0.06981973503957806,0.10658013192340966,0.09442338509842181,-0.08550784935626295,0.038697433798335235,0.0317339127385015,0.030545330219331025,0.013461890799580238,0.09479976118687321,-0.013735955987497373,0.1260494245477523,0.12276665397411501,0.12762973261483743,0.16695604323145,0.10054739332192421,0.11650038432960563,0.0826843971245971,0.10149726471842031,0.15116684380961334,0.2081176857906961,0.12558889547618948,0.1499830658247922,0.09691954049307104,0.06586384676316061,0.1931003339819973,0.23646870576696202,0.9982545255614712,0.0764870875008003,0.20690992090491092,0.2638990769905137,1.0,-0.031087517357450398,0.1037536201685404,0.08775556763738307,0.10520133674120186,0.10651338440017395,0.09478447164729761,0.09147051956956774,0.09176390687801111,0.08842424703084377
-0.00407543337057481,-0.03613202202899466,0.10654830660324828,-0.04875964991589808,-0.1594935978690352,0.22985392735434318,0.17325352526135554,0.13000108912481445,0.006211033363887489,0.010431829995030145,-0.006262329681043976,0.0038575302838220623,0.00480079230657343,0.531256620417705,-0.003993243853724873,-0.010239436780720262,0.002796743586095543,0.007328738435255557,-0.02558616905617714,-0.027363478668876885,-0.025240935419148326,-0.023421793597133835,0.004129476320658192,-0.0074405583172571215,-0.0009367168503873738,0.002974226385184884,0.004744533488071074,-0.04008509859665029,0.017464994858007895,-0.02763291468470041,-0.03017987082965723,-0.005394514568695164,0.009470158041397617,-0.028407419470757173,-0.031087517357450398,1.0,0.24244881418617534,0.1836648260929172,0.17759564708309633,0.15233671813690258,0.1599746210968245,0.1599995533012219,0.14909038072454958,0.15187589476078356
0.20191412991590407,-0.04831060112867051,0.14145882604529608,-0.0018506160631403565,-0.13265793821061395,0.9893779769631366,0.8603702832643164,0.08690059599298382,-0.03314868619493054,-0.02740042309280489,-0.06046791773275788,-0.045468877785796634,0.20834788621158612,0.2627368400150177,0.10237108734341398,0.06378378097584378,0.12662499995850685,0.12312950453759469,0.12439153352415222,0.05463608401766194,0.12624492903834988,0.12992386805178496,0.1898871621194812,0.1466459095854279,0.18517212087353851,0.19473839859708705,0.21022660682268424,0.03389895712632464,0.10017614555876989,0.12221254585120865,0.10477835826092328,0.010951183760734798,0.09307061395726016,0.11675264065968778,0.1037536201685404,0.24244881418617534,1.0,0.8481661105836239,0.9003681787009842,0.8899583414051797,0.8934043285240559,0.8931629857905286,0.8876992568470465,0.8910680037830441
0.17748329586249706,-0.054066888210490015,0.08287900191490169,0.0006335561480586827,-0.1268820632568589,0.8459689987555509,0.9458565369570009,0.08208017746990032,-0.0207856384327944,-0.01937582682283116,-0.05460112630532106,-0.052827907992179186,0.18618677015855337,0.21370828310595186,0.05450916797587181,0.008897778138568463,0.07766006980797771,0.0714593457019773,0.11851305005441619,0.032580578767829556,0.11891544058162774,0.12479268697570506,0.18695229763761767,0.1271643354849599,0.18293493485572002,0.1909221435387231,0.18464577040559008,0.005248462489317029,0.04260297293712761,0.08727231128243143,0.08896753196859529,0.0028897064144742354,0.036119120139896474,0.08099840628577533,0.08775556763738307,0.1836648260929172,0.8481661105836239,1.0,0.8902197835367381,0.8925564975425965,0.8842296455980546,0.8732874115030089,0.879077490114362,0.8744842865091886
0.22972105120646236,-0.05989068431585244,0.10256279487051595,-0.008258884575692236,-0.12629388370995764,0.9095615043465088,0.9095900982810526,0.07799365726187912,-0.023201949564734044,-0.0056745026798011005,-0.0380051106987725,-0.031090192032487415,0.23544846799612806,0.2037487457478487,0.08739765758019609,0.06332793436052767,0.11131242744730077,0.09138048992610173,0.09364854729671605,0.04012495074523291,0.09683613599630927,0.10023743495524763,0.15058308126893935,0.11547855927112598,0.145532211508769,0.15567448166397224,0.23734008160384787,0.02540729880064223,0.07756926724223706,0.09433353799925848,0.10676931746288965,0.010129385509555791,0.07411874670726758,0.09577239671693417,0.10520133674120186,0.17759564708309633,0.9003681787009842,0.8902197835367381,1.0,0.9977178754346147,0.9698358821876926,0.9589299705916824,0.9582177435667405,0.9504505314605677
0.22980573478594157,-0.06135925585991775,0.09586323969391017,-0.007247460586568032,-0.11854105506192375,0.8999828165820538,0.9119092317609996,0.07123576559780209,-0.022838663215102147,-0.004865849269846892,-0.03769940747825198,-0.03164393108193919,0.2351105664342072,0.18382816647435501,0.08609142528627808,0.061998266276781476,0.11038915761748648,0.08893364634521561,0.09393008643701048,0.03921194160156266,0.0972052073063785,0.10056965371215822,0.149212988957775,0.11250530385838918,0.14429082936776452,0.1543570375254323,0.2368562820807094,0.024591365750807326,0.07296763965414085,0.09249357811718414,0.1081222727860162,0.00931349990971989,0.06988708473776056,0.09406591185903525,0.10651338440017395,0.15233671813690258,0.8899583414051797,0.8925564975425965,0.9977178754346147,1.0,0.970821864014487,0.9569250143749464,0.958492049736088,0.9507616975339209
0.2085383939015176,-0.06606599340151047,0.0909160019906495,-0.005363003112990597,-0.08615196395877296,0.8942953713764914,0.9295713234871193,0.06518180643114863,-0.023664166599184897,-0.003665902022805529,-0.0421636169234019,-0.026646140725711448,0.21394759516620065,0.17449469293163844,0.07959877500560397,0.04427867865842918,0.09930668803014042,0.0623977018565129,0.10347960659456487,0.031112652517040724,0.10995942141167983,0.10964018827746257,0.15291708298843443,0.10094712382504284,0.15148971611260273,0.16105557001174403,0.21532446946737857,-0.005068589572885701,0.05814144919101975,0.07570337811161686,0.0954817005282777,-0.01579549154342559,0.05584249732260367,0.07484064165450856,0.09478447164729761,0.1599746210968245,0.8934043285240559,0.8842296455980546,0.9698358821876926,0.970821864014487,1.0,0.9476293302020931,0.9498704942745786,0.9805364511715768
0.3307927053185071,-0.07305999460128779,0.09647852656481255,-0.0008672579018250872,-0.08712800596038768,0.8922530284359635,0.896901466337879,0.07969941537559067,-0.05484355407489953,-0.05271491119004104,-0.09833446880469367,-0.07720087189301171,0.3351056111183304,0.18206521219702118,0.10538637139756536,0.07386953049919773,0.12963946639316878,0.11634358931901989,0.13323524976198406,0.05936337263084216,0.14051846914773694,0.14108042385470135,0.17492552208979498,0.1289457375805951,0.17993800709661237,0.18316164141034993,0.33696580613791816,0.0497586397737805,0.09827142601525575,0.11563443786748515,0.09288940053978148,0.0010535183526873928,0.08864297634211186,0.1058665825008136,0.09147051956956774,0.1599995533012219,0.8931629857905286,0.8732874115030089,0.9589299705916824,0.9569250143749464,0.9476293302020931,1.0,0.9960483327531469,0.9721257885563793
0.32475463555994344,-0.0837384707511558,0.09244952032760473,-0.0004128064092319033,-0.08533283968967083,0.8878116182868546,0.9034030248218813,0.07819035778172788,-0.05948168953620699,-0.055834999319541126,-0.10187556314084882,-0.0807632698736159,0.3291955053142862,0.1748398549792035,0.10159692397115996,0.0723866938787253,0.1269168820036025,0.11357697800537701,0.12798277854412196,0.05679932275890917,0.1349388945214355,0.1356687621677845,0.1706769262722912,0.12823839326275455,0.17511807707167426,0.17883453035430527,0.3308275447327433,0.04033171691808588,0.09451538785292497,0.11425174643414496,0.09332626642374152,-0.008820096027127335,0.08492676847978708,0.10447294341242938,0.09176390687801111,0.14909038072454958,0.8876992568470465,0.879077490114362,0.9582177435667405,0.958492049736088,0.9498704942745786,0.9960483327531469,1.0,0.9757356205801014
0.2676293437155648,-0.09340694003075316,0.08830853246330278,0.001924085814156874,-0.06983227908637765,0.8874799448613828,0.9201291785272588,0.06780511179387433,-0.03897325010234857,-0.027209806558917617,-0.07196335655389303,-0.048928596607758605,0.27263382723720253,0.16953314467565378,0.09803019609230221,0.060530506125082935,0.11753812532697357,0.0873629948979571,0.1330492159493991,0.05366593368755525,0.14291288618499942,0.1401405648925423,0.1732677463748443,0.11674622391727198,0.17665692335124855,0.18232463374482447,0.2740870486427777,0.004712678287956856,0.08119547154172077,0.10224503229317192,0.08882143689996463,-0.022136973062992515,0.07484809151397075,0.09482128383045073,0.08842424703084377,0.15187589476078356,0.8910680037830441,0.8744842865091886,0.9504505314605677,0.9507616975339209,0.9805364511715768,0.9721257885563793,0.9757356205801014,1.0
