1.0,-0.09597361814441532,0.051257008367816416,-0.003929881947933346,-0.032131673599987226,0.24204150295968502,0.2519333569206176,-0.03633827840834325,-0.4348081814125496,-0.49603129000684537,-0.5389727242235857,-0.5067251378104823,0.9895051189311985,0.015422389629926779,-0.20795512581386583,-0.08191464929518165,-0.19588028412661448,-0.019508708631246867,-0.2172294740932827,-0.1310670429302399,-0.20530459482165234,-0.20799541263825547,-0.2228551586580308,-0.10729757519492124,-0.2085007264223286,-0.22175600861162995,0.9979412018559767,0.4338752459242167,0.23068476567998175,0.25255055306511354,0.18012953968375142,-0.09595480394027735,0.21427007186880673,0.23325086185823432,0.1783353943100835,0.02085027831905395,0.25104583076024445,0.22204116100053514,0.2619271560691462,0.25713524274848726,0.2750149827378561,0.44407725186833097,0.44055941246385194,0.3774796153449092
-0.09597361814441532,1.0,0.13476489794908883,0.07954632801195355,-0.028047922180601474,-0.11042792300456178,-0.1310900344415611,-0.07602594210071137,0.03232727784760414,0.06251541847472326,0.07179064102902899,0.0441233691926239,-0.08848863004754792,-0.06467827468137535,0.05992724506204129,0.062327525524547636,0.0610581532775859,0.08447786035913438,0.05803926168945914,0.09144357651419623,0.057110527121754254,0.05689528903607823,0.024747520643338915,0.026092277596329636,0.029991465414390375,0.02997220765908969,-0.0992729156269416,0.5783248604568214,-0.04012552625406889,-0.03521026103932326,-0.029013558775234535,0.6181566068088027,-0.043880613880345934,-0.03621685770778783,-0.029738552499138614,-0.05204849986030798,-0.11294491127191703,-0.11829763757579252,-0.12668835843775456,-0.12535614049195995,-0.12579457394018867,-0.12689397483101533,-0.135641131345727,-0.14909775319192997
0.051257008367816416,0.13476489794908883,1.0,0.1995783282546469,-0.08677903621031911,0.052346065005636856,-0.019468411603942616,0.020375728735386192,-0.06228470267806288,-0.07409605246737265,-0.06884529603239053,-0.06624362825256165,0.059842677577384686,0.1189889243827322,0.23655204672314323,0.26732320427773393,0.23684863538443066,0.24566686708911228,0.06404101901541735,0.0866819247435297,0.060967600689205544,0.06300779469911574,0.06255201213533566,0.08746682569403541,0.06308834837890494,0.06118606822236759,0.05521074417741876,0.12148222666103801,0.39326882320360623,0.122951788051205,0.01174940114666716,0.055582437637887894,0.38125834813744586,0.11943725983774306,0.011131684399374724,0.09674819667448913,0.061601855121744924,0.022138507401743984,0.005570584567399181,-0.00020808355066000725,-0.014864768779926268,0.025011232509570797,0.022504364813329656,-0.00029746902728342375
-0.003929881947933346,0.07954632801195355,0.1995783282546469,1.0,-0.02929311107807596,0.022499360978256493,0.015339358478111019,-0.05996700250362552,-0.008308347184832279,-0.021662940673759744,-0.014927548555826394,-0.018356161091180774,-0.0037621665591668217,-0.06271578410184887,0.060285798098069575,0.04417262377762776,0.07507450866880283,0.0526473704944147,0.043668303591295254,0.0540510354083669,0.04793582985433653,0.04452743448356551,0.14902520280382192,0.19730358940260967,0.1416761860927725,0.13933401455598857,-0.004038622195176888,0.07582872061721813,0.07975589040071601,0.3145810144270269,0.009775583303955154,0.06816876812635152,0.07741748738419757,0.30918116085961134,0.009950790650716471,-0.05622413797439953,0.029907282394225895,0.021321848549337066,0.007644329278570303,0.010930471253988086,0.013858239454346255,0.012852715554069739,0.01654555958331265,0.02591410280086958
-0.032131673599987226,-0.028047922180601474,-0.08677903621031911,-0.02929311107807596,1.0,-0.10643555011742477,-0.0461660802691004,-0.4902042136603468,-0.009764359987054702,0.021756694900650703,-0.006700461749889561,0.009865083728109528,-0.036618751551906276,-0.21866252736172997,-0.04406551794555053,-0.06462760577743151,-0.05679314963491754,-0.031141559032261998,-0.009826160668049092,-0.048386427941085726,-0.012922035271366934,-0.016318985177568548,-0.04532769810295014,-0.0816225473833903,-0.0437975471272025,-0.044712752502016985,-0.03544588183380745,-0.02552555492478194,-0.029650707941298586,-0.05046726776625963,0.04750801379788625,-0.02514741603327929,-0.021392707824519797,-0.04714604271194295,0.045557642484641815,-0.1572906861450403,-0.1086890025927375,-0.08965604339190945,-0.07058610024238374,-0.06217498223514705,-0.04738745023486119,-0.07167011840646718,-0.07021959758471993,-0.04865310451978058
0.24204150295968502,-0.11042792300456178,0.052346065005636856,0.022499360978256493,-0.10643555011742477,1.0,0.8607641310516919,0.1109527891156757,-0.01290246323581021,-0.04513360793007425,-0.07448716430470026,-0.07624860645146807,0.2510326329016593,0.2780542676814004,0.024399075049699136,0.02204575549135733,0.05215708579764349,0.06431988220977486,0.051464919791034465,0.020590047370751426,0.05596948602376052,0.05640286888813182,0.1018996566385201,0.09421461515507264,0.10035817319617585,0.09815181152235343,0.24835799430274333,0.017781034215775107,0.07062849692395799,0.1275605150752283,0.0937963385484172,-0.020210220009587568,0.06497376217718044,0.12207533224770974,0.09569772946443798,0.2366359492088493,0.9900944828052225,0.822459590037299,0.8921847425504046,0.882531733425682,0.8811954189645812,0.8450959810745459,0.8403388758295589,0.8608341679888544
0.2519333569206176,-0.1310900344415611,-0.019468411603942616,0.015339358478111019,-0.0461660802691004,0.8607641310516919,1.0,0.07528823279948478,0.00908361807884241,-0.010938000997509308,-0.048805815030105615,-0.0521980666681601,0.2548043760195473,0.20106676072262322,-0.0060900285428511424,-0.012291516406991903,0.013727082810044219,0.024224132946735706,0.023519264469526915,0.0012911467516418358,0.030383048872519542,0.02902982112151724,0.06558968712109785,0.04168316090553738,0.06193349724856952,0.05966328352286698,0.25699608912382327,-0.0291565514408615,0.003748034441439404,0.06818654954997663,0.06587402005303654,-0.041117922737441116,0.001595096516157282,0.0637684975035287,0.06788513009458992,0.16998495378712095,0.8556147141262257,0.9263928901298851,0.9194546598377716,0.9210603442992013,0.9340099015092527,0.8741901807379415,0.8795345848262951,0.9088726588108624
-0.03633827840834325,-0.07602594210071137,0.020375728735386192,-0.05996700250362552,-0.4902042136603468,0.1109527891156757,0.07528823279948478,1.0,0.0035593794171142347,-0.009412168426146932,-0.01592019761219945,-0.006280373130630551,-0.029099296270072718,0.21010780624563952,0.05422788525390408,0.023938699161642502,0.07324292161339027,0.08252077132600226,0.07105720058930703,0.02680438115601204,0.07279521288388499,0.07528481217658055,0.1016819350321238,0.058338636331272564,0.10172388201381735,0.10347980278702454,-0.032163577997540375,-0.06473202426189457,0.017566548871887865,0.01793445578471667,-0.09237598872858634,-0.0618194043927683,0.012519774614706724,0.008140560664199064,-0.09079517711930923,0.18369494211776202,0.11515683138666354,0.09165279265751415,0.08062707534795234,0.07290733048380132,0.07246860832558447,0.06814664885707858,0.06180895845556395,0.06484876488424077
-0.4348081814125496,0.03232727784760414,-0.06228470267806288,-0.008308347184832279,-0.009764359987054702,-0.01290246323581021,0.00908361807884241,0.0035593794171142347,1.0,0.9219548585804543,0.8541824603089223,0.8113150899642128,-0.4343234018827949,0.04046934633566968,0.22627240462550463,0.22980341501180734,0.17856199456776134,-0.05570563961679396,0.23146301596475563,0.27217765482677087,0.2215538435623976,0.22810217928188484,0.26334929783478045,0.2280247818085733,0.23758549719898184,0.2574930074229693,-0.43333709840041496,-0.4434865009969232,-0.18138568593373638,-0.1823922408185626,-0.06382055098367895,0.42104529188774414,-0.1251830321017027,-0.11856606810809962,-0.057379654941688174,0.03632510450493884,-0.01751604243035552,0.022929615525522105,0.028775463584960866,0.03387895979482927,0.022664839266946016,-0.12446226414606362,-0.12402957090994525,-0.06244521327954616
-0.49603129000684537,0.06251541847472326,-0.07409605246737265,-0.021662940673759744,0.021756694900650703,-0.04513360793007425,-0.010938000997509308,-0.009412168426146932,0.9219548585804543,1.0,0.9356052833992882,0.8489792464505022,-0.49545947901262244,0.030466303002392402,0.24777211827666804,0.27479777682102935,0.22348974222087292,-0.05739745433688122,0.22955907188256108,0.3096512124698049,0.22320417543811133,0.22832892617406098,0.2211862114662757,0.17007655992576942,0.19859177023654095,0.2253046861886834,-0.49498856442887296,-0.40703274869943595,-0.19271945961818573,-0.22119914331670512,-0.08854413436053411,0.4274106963613872,-0.13111124318726775,-0.14853113417664343,-0.08160892538427769,0.02432138252799331,-0.057419451993972595,-0.02476382994445116,0.012696610403074607,0.017865660029623354,-0.0037539354240779654,-0.1552369189001552,-0.15441665118524037,-0.10277708130816714
-0.5389727242235857,0.07179064102902899,-0.06884529603239053,-0.014927548555826394,-0.006700461749889561,-0.07448716430470026,-0.048805815030105615,-0.01592019761219945,0.8541824603089223,0.9356052833992882,1.0,0.9309529077746767,-0.5388396642089672,0.03457974470236487,0.2822296366903627,0.28541301749558323,0.23959806432083092,-0.046605815959816124,0.21061433210814393,0.28613447904871103,0.2002864454509285,0.20865793929410623,0.16963958471382604,0.12686420252654929,0.15143831571416477,0.17619112703228323,-0.538175534936152,-0.41568757568415843,-0.1880926958693686,-0.22661764374081317,-0.07453790068155172,0.3911986260807512,-0.13217934063408118,-0.14856013637248966,-0.06699537914610017,-0.0009102013492582705,-0.09727902622188711,-0.06381798148073506,-0.013017781111537027,-0.008945620272144007,-0.039176915883109016,-0.19762542349932496,-0.19816862388073403,-0.15796284215567824
-0.5067251378104823,0.0441233691926239,-0.06624362825256165,-0.018356161091180774,0.009865083728109528,-0.07624860645146807,-0.0521980666681601,-0.006280373130630551,0.8113150899642128,0.8489792464505022,0.9309529077746767,1.0,-0.5062034618763205,0.022045930246703704,0.31283261877931084,0.24305753391487978,0.23923201249421325,0.004573820270940726,0.2702742556689281,0.24894747754268567,0.25621064991892123,0.2678488779175315,0.2095188685550619,0.0870046215279431,0.19068404364266617,0.2134420429050202,-0.5057946001736124,-0.4107745024287377,-0.1632005695410944,-0.2096402156851689,-0.08245098785850793,0.361090551807584,-0.11349132577689078,-0.13708067102450136,-0.07432363985446026,0.0014879904741541994,-0.09489335762827565,-0.060275604575007566,-0.014660488785633549,-0.011146475898398286,-0.03772457927586068,-0.1741509775891798,-0.17565341016245595,-0.14894021269004445
0.9895051189311985,-0.08848863004754792,0.059842677577384686,-0.0037621665591668217,-0.036618751551906276,0.2510326329016593,0.2548043760195473,-0.029099296270072718,-0.4343234018827949,-0.49545947901262244,-0.5388396642089672,-0.5062034618763205,1.0,0.02322436857749837,-0.2047315416099595,-0.0797862107687161,-0.19151783984152218,-0.014709492532393498,-0.21093591724369032,-0.12832825726978941,-0.1991786886403061,-0.20189174197511905,-0.21616396218618894,-0.10164539610034266,-0.2021624992925682,-0.21526717899623438,0.9911863749074672,0.4388743759494998,0.23465651879182656,0.25725316862960834,0.18376599733193844,-0.08913493251097862,0.21803692595447643,0.23822012091176667,0.18191741679602286,0.02525612757251832,0.25992817762872983,0.22750888833531074,0.26423568290446564,0.25888925493873477,0.2767661273019363,0.4450224881391639,0.4413031859298036,0.37849929349056943
0.015422389629926779,-0.06467827468137535,0.1189889243827322,-0.06271578410184887,-0.21866252736172997,0.2780542676814004,0.20106676072262322,0.21010780624563952,0.04046934633566968,0.030466303002392402,0.03457974470236487,0.022045930246703704,0.02322436857749837,1.0,0.010681513700082837,0.031875073092289534,0.027000483602429612,0.02107501296538655,0.012485113053076527,0.008485515945678536,0.012859407428849876,0.015353026354515294,0.05052443036494573,0.07258695791660993,0.04905496785149838,0.050909855506857345,0.024211074450170712,-0.042284774182495856,0.03735056067916241,0.021559647103314927,0.01977838959301576,-0.009337515327341563,0.027894864891087518,0.02078691886118576,0.019367186800347446,0.5329301443407238,0.26899874858144607,0.1879473939762659,0.20280027956760321,0.18266838037849234,0.1763270490486455,0.16499849560527105,0.15419461889497582,0.15685404952562781
-0.20795512581386583,0.05992724506204129,0.23655204672314323,0.060285798098069575,-0.04406551794555053,0.024399075049699136,-0.0060900285428511424,0.05422788525390408,0.22627240462550463,0.24777211827666804,0.2822296366903627,0.31283261877931084,-0.2047315416099595,0.010681513700082837,1.0,0.8968087951798235,0.9695973208125893,0.7836833449202412,0.5752565983284625,0.5046025732495021,0.5696990686438169,0.5800762164261842,0.5870488953543287,0.4899449642407247,0.5800611508332979,0.5844816848527009,-0.20540122708641073,-0.09802940777795402,0.5777090576498923,0.23513526168397203,0.05131939260265372,0.2720256450439581,0.5754124783895688,0.23475129551475338,0.051835143414043376,0.018558860171883226,0.022805732776717387,0.004982178229092723,0.025403911665647903,0.024626401238019242,0.005050601844096736,-0.03955617663023576,-0.04524921301007879,-0.03525136245976441
-0.08191464929518165,0.062327525524547636,0.26732320427773393,0.04417262377762776,-0.06462760577743151,0.02204575549135733,-0.012291516406991903,0.023938699161642502,0.22980341501180734,0.27479777682102935,0.28541301749558323,0.24305753391487978,-0.0797862107687161,0.031875073092289534,0.8968087951798235,1.0,0.8861472880077284,0.6595329192970091,0.34701931947006776,0.49882163197782997,0.33708137837309915,0.3495586706232699,0.3626128949019162,0.4605709571995533,0.3484103315559127,0.36068435695994217,-0.07953846487897683,-0.03409493446052132,0.6810510994603484,0.2768326857849764,0.09722445330679505,0.25686926535482585,0.6773261088636322,0.2837185638398324,0.09838505599604583,0.02119371185593933,0.01487298005783768,-0.013098342712161362,0.024529982128225505,0.022997642781656127,-0.0026625895489305793,-0.02841390833198732,-0.031177980531724037,-0.03189748702021611
-0.19588028412661448,0.0610581532775859,0.23684863538443066,0.07507450866880283,-0.05679314963491754,0.05215708579764349,0.013727082810044219,0.07324292161339027,0.17856199456776134,0.22348974222087292,0.23959806432083092,0.23923201249421325,-0.19151783984152218,0.027000483602429612,0.9695973208125893,0.8861472880077284,1.0,0.8125333868270587,0.6042061651994982,0.5374851959598662,0.6023835447797269,0.6112466711323324,0.6249796960293073,0.5178268366076492,0.6227059443391941,0.626626306172322,-0.1929598300449536,-0.0667491122896462,0.5698232227313613,0.24939899992326034,0.05717980574229583,0.2832517328673937,0.5632972719364663,0.24331591951544013,0.05696993503022971,0.034363966605818315,0.048979689172683145,0.02257013733678129,0.04157242497878702,0.0403825717523773,0.019505905512546575,-0.018280851875953703,-0.023911872480248307,-0.015438673907388487
-0.019508708631246867,0.08447786035913438,0.24566686708911228,0.0526473704944147,-0.031141559032261998,0.06431988220977486,0.024224132946735706,0.08252077132600226,-0.05570563961679396,-0.05739745433688122,-0.046605815959816124,0.004573820270940726,-0.014709492532393498,0.02107501296538655,0.7836833449202412,0.6595329192970091,0.8125333868270587,1.0,0.6374253757135843,0.45793254873948236,0.634746076060559,0.6432648271090551,0.641052657223629,0.4921319297219424,0.6489075815908086,0.6461581522463322,-0.017438779094099816,0.05439477187243174,0.5736153149560215,0.29663195563814754,0.08471011365665816,0.2172010110180744,0.5680391544235889,0.2791372490460031,0.08420814783231906,0.04860224390429057,0.06944237407717384,0.05509020624489429,0.040964985745897534,0.03839744577226829,0.019835279438436753,0.04854974000283453,0.043052078875038924,0.0166947706306247
-0.2172294740932827,0.05803926168945914,0.06404101901541735,0.043668303591295254,-0.009826160668049092,0.051464919791034465,0.023519264469526915,0.07105720058930703,0.23146301596475563,0.22955907188256108,0.21061433210814393,0.2702742556689281,-0.21093591724369032,0.012485113053076527,0.5752565983284625,0.34701931947006776,0.6042061651994982,0.6374253757135843,1.0,0.7442774940366294,0.9924426205849411,0.9978018105774205,0.8439532948677341,0.5413229493987862,0.857503072896474,0.8559208083594013,-0.21516779496566246,-0.08172595459747271,0.15394520567574274,0.1876181580896088,0.015446151832377214,0.3387522546058546,0.1450079819149302,0.17540577356443024,0.01604312559360258,0.03065922452291622,0.051909623750254465,0.06572278827838231,0.03966826542734714,0.03964057944445526,0.022465907083433247,7.308261108150719e-05,-0.0077678325927273235,-0.009368280601947767
-0.1310670429302399,0.09144357651419623,0.0866819247435297,0.0540510354083669,-0.048386427941085726,0.020590047370751426,0.0012911467516418358,0.02680438115601204,0.27217765482677087,0.3096512124698049,0.28613447904871103,0.24894747754268567,-0.12832825726978941,0.008485515945678536,0.5046025732495021,0.49882163197782997,0.5374851959598662,0.45793254873948236,0.7442774940366294,1.0,0.7331591381032819,0.7374243478685311,0.5452835266013172,0.5644734344586068,0.534328432263787,0.5473490127962596,-0.12945039893812726,-0.0183668539707361,0.23225616985505954,0.24904135012890974,0.06537659648640563,0.32841311732341016,0.23324058233550934,0.25337365533120026,0.06754822753007056,-0.013702859536133564,0.00794688430535383,0.02885493906422198,0.02876616939347749,0.02951992175142084,-0.002214069046401431,-0.02340941165035472,-0.027677357280205463,-0.03500363509118015
-0.20530459482165234,0.057110527121754254,0.060967600689205544,0.04793582985433653,-0.012922035271366934,0.05596948602376052,0.030383048872519542,0.07279521288388499,0.2215538435623976,0.22320417543811133,0.2002864454509285,0.25621064991892123,-0.1991786886403061,0.012859407428849876,0.5696990686438169,0.33708137837309915,0.6023835447797269,0.634746076060559,0.9924426205849411,0.7331591381032819,1.0,0.9937935463603578,0.8451134496562716,0.5271806252253511,0.861365177139471,0.8573183546385778,-0.20318981406638897,-0.07940275009045414,0.13847313794731722,0.17476609320002046,0.007408329657688648,0.33640938056906305,0.1272016502078551,0.1598207800188695,0.007556021581942611,0.03077042169593643,0.05701670739010847,0.07087301480342638,0.045099027098479745,0.04485681842632654,0.03026765151081469,0.010712605780487168,0.0026872142307441515,0.0026324649338615655
-0.20799541263825547,0.05689528903607823,0.06300779469911574,0.04452743448356551,-0.016318985177568548,0.05640286888813182,0.02902982112151724,0.07528481217658055,0.22810217928188484,0.22832892617406098,0.20865793929410623,0.2678488779175315,-0.20189174197511905,0.015353026354515294,0.5800762164261842,0.3495586706232699,0.6112466711323324,0.6432648271090551,0.9978018105774205,0.7374243478685311,0.9937935463603578,1.0,0.849525966591597,0.5384930923262585,0.8632110623344048,0.8610913523967884,-0.20582602910339118,-0.07628010014739971,0.15291293525605898,0.18785194742103548,0.017775350181654267,0.34297692826621134,0.14333668903467914,0.17461903076312998,0.0182018953627333,0.03567994322525843,0.05757875514565241,0.07069757900820671,0.04330101925580037,0.04302224903142368,0.02663027312227161,0.008190489577007644,0.0001782948888289117,-0.003157162302905107
-0.2228551586580308,0.024747520643338915,0.06255201213533566,0.14902520280382192,-0.04532769810295014,0.1018996566385201,0.06558968712109785,0.1016819350321238,0.26334929783478045,0.2211862114662757,0.16963958471382604,0.2095188685550619,-0.21616396218618894,0.05052443036494573,0.5870488953543287,0.3626128949019162,0.6249796960293073,0.641052657223629,0.8439532948677341,0.5452835266013172,0.8451134496562716,0.849525966591597,1.0,0.7840756193960627,0.9928102859225109,0.9959533518692107,-0.21933977078697067,-0.10437859686660267,0.1616536402255993,0.3954341507947676,0.049570800317202325,0.335753976327522,0.1526546984817277,0.37695741803955196,0.04976695320527669,0.06408288553131412,0.11141498365218117,0.1134365776319694,0.06778010058177117,0.06756805102942497,0.053132900293471265,0.028721399655287312,0.022643012144812392,0.03359330691037129
-0.10729757519492124,0.026092277596329636,0.08746682569403541,0.19730358940260967,-0.0816225473833903,0.09421461515507264,0.04168316090553738,0.058338636331272564,0.2280247818085733,0.17007655992576942,0.12686420252654929,0.0870046215279431,-0.10164539610034266,0.07258695791660993,0.4899449642407247,0.4605709571995533,0.5178268366076492,0.4921319297219424,0.5413229493987862,0.5644734344586068,0.5271806252253511,0.5384930923262585,0.7840756193960627,1.0,0.7507139558386148,0.763320326911849,-0.10361127209141575,-0.03787575241712724,0.2735437919561689,0.6334347373929825,0.15757178670108907,0.2677314176180885,0.2675267896334567,0.6279177306948045,0.1582196069530426,0.03781625721247358,0.09434937001556332,0.08482748768134044,0.05571837219578115,0.05512329711884928,0.026895192393441715,0.013909103609167016,0.011092367811347901,0.011855150151518496
-0.2085007264223286,0.029991465414390375,0.06308834837890494,0.1416761860927725,-0.0437975471272025,0.10035817319617585,0.06193349724856952,0.10172388201381735,0.23758549719898184,0.19859177023654095,0.15143831571416477,0.19068404364266617,-0.2021624992925682,0.04905496785149838,0.5800611508332979,0.3484103315559127,0.6227059443391941,0.6489075815908086,0.857503072896474,0.534328432263787,0.861365177139471,0.8632110623344048,0.9928102859225109,0.7507139558386148,1.0,0.9965890041111938,-0.20512646612046462,-0.09388023545336736,0.15204015101062918,0.36988106460697545,0.04373937320984541,0.33143482693849596,0.13986467882525844,0.3463778348527108,0.043463403205042876,0.06341240125821698,0.10902790542248321,0.10803153196260173,0.0651227250373496,0.06459392758518046,0.05067013204953039,0.03168878943517032,0.025141381650787952,0.033463194807627064
-0.22175600861162995,0.02997220765908969,0.06118606822236759,0.13933401455598857,-0.044712752502016985,0.09815181152235343,0.05966328352286698,0.10347980278702454,0.2574930074229693,0.2253046861886834,0.17619112703228323,0.2134420429050202,-0.21526717899623438,0.050909855506857345,0.5844816848527009,0.36068435695994217,0.626626306172322,0.6461581522463322,0.8559208083594013,0.5473490127962596,0.8573183546385778,0.8610913523967884,0.9959533518692107,0.763320326911849,0.9965890041111938,1.0,-0.21824918750660724,-0.09379738246642308,0.16045274452505118,0.38634360211241336,0.05239105607326987,0.343133542880021,0.15161453253479246,0.36777179239819674,0.05255621227905896,0.06179534022608742,0.10632466487670958,0.10551426479044351,0.06336067216808382,0.06286341661666814,0.04801304990062167,0.025575053522891834,0.019169613549112764,0.029060670455578006
0.9979412018559767,-0.0992729156269416,0.05521074417741876,-0.004038622195176888,-0.03544588183380745,0.24835799430274333,0.25699608912382327,-0.032163577997540375,-0.43333709840041496,-0.49498856442887296,-0.538175534936152,-0.5057946001736124,0.9911863749074672,0.024211074450170712,-0.20540122708641073,-0.07953846487897683,-0.1929598300449536,-0.017438779094099816,-0.21516779496566246,-0.12945039893812726,-0.20318981406638897,-0.20582602910339118,-0.21933977078697067,-0.10361127209141575,-0.20512646612046462,-0.21824918750660724,1.0,0.43173694955498665,0.23407524824842724,0.255995380802975,0.18274764189363904,-0.09658627644095352,0.217502593828335,0.23696375549830917,0.18091778358393001,0.028622919691856125,0.25731221305170776,0.22739563107972643,0.26726961529370513,0.2619155207697969,0.27971895875267,0.44843568087237556,0.4447240140395787,0.38198548589206993
0.4338752459242167,0.5783248604568214,0.12148222666103801,0.07582872061721813,-0.02552555492478194,0.017781034215775107,-0.0291565514408615,-0.06473202426189457,-0.4434865009969232,-0.40703274869943595,-0.41568757568415843,-0.4107745024287377,0.4388743759494998,-0.042284774182495856,-0.09802940777795402,-0.03409493446052132,-0.0667491122896462,0.05439477187243174,-0.08172595459747271,-0.0183668539707361,-0.07940275009045414,-0.07628010014739971,-0.10437859686660267,-0.03787575241712724,-0.09388023545336736,-0.09379738246642308,0.43173694955498665,1.0,0.2324178807459704,0.26978911726758126,0.11152574477884163,0.464284675950253,0.21420681907536201,0.2497751445023389,0.10916306043014087,-0.04434833962949004,0.022329215502652856,-0.022602908529238436,-0.02430311365914906,-0.028082465854025976,-0.025826849997303097,0.0880657731260171,0.07850429458680443,0.034857740431733265
0.23068476567998175,-0.04012552625406889,0.39326882320360623,0.07975589040071601,-0.029650707941298586,0.07062849692395799,0.003748034441439404,0.017566548871887865,-0.18138568593373638,-0.19271945961818573,-0.1880926958693686,-0.1632005695410944,0.23465651879182656,0.03735056067916241,0.5777090576498923,0.6810510994603484,0.5698232227313613,0.5736153149560215,0.15394520567574274,0.23225616985505954,0.13847313794731722,0.15291293525605898,0.1616536402255993,0.2735437919561689,0.15204015101062918,0.16045274452505118,0.23407524824842724,0.2324178807459704,1.0,0.4999953639012974,0.17054968074765617,0.03204737109016766,0.9867954282421874,0.49259744103140174,0.17101038504323157,0.02805789702138615,0.0774330545592388,0.02521654985085903,0.027743067039310378,0.020842164174123733,0.01644621690745799,0.08351069919329523,0.0782928991956218,0.057645961454007445
0.25255055306511354,-0.03521026103932326,0.122951788051205,0.3145810144270269,-0.05046726776625963,0.1275605150752283,0.06818654954997663,0.01793445578471667,-0.1823922408185626,-0.22119914331670512,-0.22661764374081317,-0.2096402156851689,0.25725316862960834,0.021559647103314927,0.23513526168397203,0.2768326857849764,0.24939899992326034,0.29663195563814754,0.1876181580896088,0.24904135012890974,0.17476609320002046,0.18785194742103548,0.3954341507947676,0.6334347373929825,0.36988106460697545,0.38634360211241336,0.255995380802975,0.26978911726758126,0.4999953639012974,1.0,0.25972790173808474,0.06360761465938128,0.48684705941339657,0.9815086690159325,0.259918192267943,-0.005159138687254093,0.13860841020088335,0.09458019597505307,0.07128511281602964,0.06832271547802102,0.06889764271808259,0.137451469840319,0.13322480295499645,0.11887958434735722
0.18012953968375142,-0.029013558775234535,0.01174940114666716,0.009775583303955154,0.04750801379788625,0.0937963385484172,0.06587402005303654,-0.09237598872858634,-0.06382055098367895,-0.08854413436053411,-0.07453790068155172,-0.08245098785850793,0.18376599733193844,0.01977838959301576,0.05131939260265372,0.09722445330679505,0.05717980574229583,0.08471011365665816,0.015446151832377214,0.06537659648640563,0.007408329657688648,0.017775350181654267,0.049570800317202325,0.15757178670108907,0.04373937320984541,0.05239105607326987,0.18274764189363904,0.11152574477884163,0.17054968074765617,0.25972790173808474,1.0,0.0187844195292914,0.17137707495748275,0.27053537958357254,0.9990636116366929,-0.012028705617966979,0.09794190379343433,0.08882932091762111,0.07182233611571107,0.0713224044806579,0.07102686080817232,0.10588299129727484,0.11125590855537991,0.09749421133288026
-0.09595480394027735,0.6181566068088027,0.055582437637887894,0.06816876812635152,-0.02514741603327929,-0.020210220009587568,-0.041117922737441116,-0.0618194043927683,0.42104529188774414,0.4274106963613872,0.3911986260807512,0.361090551807584,-0.08913493251097862,-0.009337515327341563,0.2720256450439581,0.25686926535482585,0.2832517328673937,0.2172010110180744,0.3387522546058546,0.32841311732341016,0.33640938056906305,0.34297692826621134,0.335753976327522,0.2677314176180885,0.33143482693849596,0.343133542880021,-0.09658627644095352,0.464284675950253,0.03204737109016766,0.06360761465938128,0.0187844195292914,1.0,0.05122222215528911,0.08722355419881352,0.02124448021003126,-0.017528291314688773,-0.027134558662120098,-0.03345341385233112,-0.013361901605334866,-0.012040634858960212,-0.020991900185699346,-0.05126186957530821,-0.058524328866873844,-0.055089358494386884
0.21427007186880673,-0.043880613880345934,0.38125834813744586,0.07741748738419757,-0.021392707824519797,0.06497376217718044,0.001595096516157282,0.012519774614706724,-0.1251830321017027,-0.13111124318726775,-0.13217934063408118,-0.11349132577689078,0.21803692595447643,0.027894864891087518,0.5754124783895688,0.6773261088636322,0.5632972719364663,0.5680391544235889,0.1450079819149302,0.23324058233550934,0.1272016502078551,0.14333668903467914,0.1526546984817277,0.2675267896334567,0.13986467882525844,0.15161453253479246,0.217502593828335,0.21420681907536201,0.9867954282421874,0.48684705941339657,0.17137707495748275,0.05122222215528911,1.0,0.49584639119205054,0.17292431184776447,0.02328563701230179,0.07126309292518941,0.02280703094134091,0.027339657390906283,0.021019936350790473,0.01577618709231273,0.07314202804054433,0.06826998983018041,0.05100289848532192
0.23325086185823432,-0.03621685770778783,0.11943725983774306,0.30918116085961134,-0.04714604271194295,0.12207533224770974,0.0637684975035287,0.008140560664199064,-0.11856606810809962,-0.14853113417664343,-0.14856013637248966,-0.13708067102450136,0.23822012091176667,0.02078691886118576,0.23475129551475338,0.2837185638398324,0.24331591951544013,0.2791372490460031,0.17540577356443024,0.25337365533120026,0.1598207800188695,0.17461903076312998,0.37695741803955196,0.6279177306948045,0.3463778348527108,0.36777179239819674,0.23696375549830917,0.2497751445023389,0.49259744103140174,0.9815086690159325,0.27053537958357254,0.08722355419881352,0.49584639119205054,1.0,0.2725916160012249,-0.007846181635115697,0.13047317575189749,0.09095491865207228,0.0724411726616215,0.06968199758247552,0.06634281181759101,0.12243811819064937,0.11846594765325075,0.10570219484561383
0.1783353943100835,-0.029738552499138614,0.011131684399374724,0.009950790650716471,0.045557642484641815,0.09569772946443798,0.06788513009458992,-0.09079517711930923,-0.057379654941688174,-0.08160892538427769,-0.06699537914610017,-0.07432363985446026,0.18191741679602286,0.019367186800347446,0.051835143414043376,0.09838505599604583,0.05696993503022971,0.08420814783231906,0.01604312559360258,0.06754822753007056,0.007556021581942611,0.0182018953627333,0.04976695320527669,0.1582196069530426,0.043463403205042876,0.05255621227905896,0.18091778358393001,0.10916306043014087,0.17101038504323157,0.259918192267943,0.9990636116366929,0.02124448021003126,0.17292431184776447,0.2725916160012249,1.0,-0.01389599650931037,0.09941108201062017,0.0903324569870029,0.07422359367473849,0.07374227521874376,0.07311348763262594,0.1065257683305623,0.11192681556457519,0.09843202266527996
0.02085027831905395,-0.05204849986030798,0.09674819667448913,-0.05622413797439953,-0.1572906861450403,0.2366359492088493,0.16998495378712095,0.18369494211776202,0.03632510450493884,0.02432138252799331,-0.0009102013492582705,0.0014879904741541994,0.02525612757251832,0.5329301443407238,0.018558860171883226,0.02119371185593933,0.034363966605818315,0.04860224390429057,0.03065922452291622,-0.013702859536133564,0.03077042169593643,0.03567994322525843,0.06408288553131412,0.03781625721247358,0.06341240125821698,0.06179534022608742,0.028622919691856125,-0.04434833962949004,0.02805789702138615,-0.005159138687254093,-0.012028705617966979,-0.017528291314688773,0.02328563701230179,-0.007846181635115697,-0.01389599650931037,1.0,0.24888616472819228,0.1797527343667332,0.1767733347838237,0.1530447541711951,0.15247014893768324,0.15104158330585157,0.13860863702144147,0.14601806765608183
0.25104583076024445,-0.11294491127191703,0.061601855121744924,0.029907282394225895,-0.1086890025927375,0.9900944828052225,0.8556147141262257,0.11515683138666354,-0.01751604243035552,-0.057419451993972595,-0.09727902622188711,-0.09489335762827565,0.25992817762872983,0.26899874858144607,0.022805732776717387,0.01487298005783768,0.048979689172683145,0.06944237407717384,0.051909623750254465,0.00794688430535383,0.05701670739010847,0.05757875514565241,0.11141498365218117,0.09434937001556332,0.10902790542248321,0.10632466487670958,0.25731221305170776,0.022329215502652856,0.0774330545592388,0.13860841020088335,0.09794190379343433,-0.027134558662120098,0.07126309292518941,0.13047317575189749,0.09941108201062017,0.24888616472819228,1.0,0.834500817273056,0.8786885476723091,0.8693180834963116,0.8724434076669937,0.8473003011591304,0.8429838434602901,0.8646294691941055
0.22204116100053514,-0.11829763757579252,0.022138507401743984,0.021321848549337066,-0.08965604339190945,0.822459590037299,0.9263928901298851,0.09165279265751415,0.022929615525522105,-0.02476382994445116,-0.06381798148073506,-0.060275604575007566,0.22750888833531074,0.1879473939762659,0.004982178229092723,-0.013098342712161362,0.02257013733678129,0.05509020624489429,0.06572278827838231,0.02885493906422198,0.07087301480342638,0.07069757900820671,0.1134365776319694,0.08482748768134044,0.10803153196260173,0.10551426479044351,0.22739563107972643,-0.022602908529238436,0.02521654985085903,0.09458019597505307,0.08882932091762111,-0.03345341385233112,0.02280703094134091,0.09095491865207228,0.0903324569870029,0.1797527343667332,0.834500817273056,1.0,0.8743609655166851,0.8767313957327614,0.8637382680843058,0.8343463107192072,0.8408301657274232,0.845119834724191
0.2619271560691462,-0.12668835843775456,0.005570584567399181,0.007644329278570303,-0.07058610024238374,0.8921847425504046,0.9194546598377716,0.08062707534795234,0.028775463584960866,0.012696610403074607,-0.013017781111537027,-0.014660488785633549,0.26423568290446564,0.20280027956760321,0.025403911665647903,0.024529982128225505,0.04157242497878702,0.040964985745897534,0.03966826542734714,0.02876616939347749,0.045099027098479745,0.04330101925580037,0.06778010058177117,0.05571837219578115,0.0651227250373496,0.06336067216808382,0.26726961529370513,-0.02430311365914906,0.027743067039310378,0.07128511281602964,0.07182233611571107,-0.013361901605334866,0.027339657390906283,0.0724411726616215,0.07422359367473849,0.1767733347838237,0.8786885476723091,0.8743609655166851,1.0,0.9978346863814123,0.9790316742004532,0.9174236060779574,0.9167995890947725,0.9318491629088996
0.25713524274848726,-0.12535614049195995,-0.00020808355066000725,0.010930471253988086,-0.06217498223514705,0.882531733425682,0.9210603442992013,0.07290733048380132,0.03387895979482927,0.017865660029623354,-0.008945620272144007,-0.011146475898398286,0.25888925493873477,0.18266838037849234,0.024626401238019242,0.022997642781656127,0.0403825717523773,0.03839744577226829,0.03964057944445526,0.02951992175142084,0.04485681842632654,0.04302224903142368,0.06756805102942497,0.05512329711884928,0.06459392758518046,0.06286341661666814,0.2619155207697969,-0.028082465854025976,0.020842164174123733,0.06832271547802102,0.0713224044806579,-0.012040634858960212,0.021019936350790473,0.06968199758247552,0.07374227521874376,0.1530447541711951,0.8693180834963116,0.8767313957327614,0.9978346863814123,1.0,0.9806650433486713,0.9133685507505162,0.914905145393088,0.9312810993287036
0.2750149827378561,-0.12579457394018867,-0.014864768779926268,0.013858239454346255,-0.04738745023486119,0.8811954189645812,0.9340099015092527,0.07246860832558447,0.022664839266946016,-0.0037539354240779654,-0.039176915883109016,-0.03772457927586068,0.2767661273019363,0.1763270490486455,0.005050601844096736,-0.0026625895489305793,0.019505905512546575,0.019835279438436753,0.022465907083433247,-0.002214069046401431,0.03026765151081469,0.02663027312227161,0.053132900293471265,0.026895192393441715,0.05067013204953039,0.04801304990062167,0.27971895875267,-0.025826849997303097,0.01644621690745799,0.06889764271808259,0.07102686080817232,-0.020991900185699346,0.01577618709231273,0.06634281181759101,0.07311348763262594,0.15247014893768324,0.8724434076669937,0.8637382680843058,0.9790316742004532,0.9806650433486713,1.0,0.9202576068641113,0.9218859698716771,0.963573296671
0.44407725186833097,-0.12689397483101533,0.025011232509570797,0.012852715554069739,-0.07167011840646718,0.8450959810745459,0.8741901807379415,0.06814664885707858,-0.12446226414606362,-0.1552369189001552,-0.19762542349932496,-0.1741509775891798,0.4450224881391639,0.16499849560527105,-0.03955617663023576,-0.02841390833198732,-0.018280851875953703,0.04854974000283453,7.308261108150719e-05,-0.02340941165035472,0.010712605780487168,0.008190489577007644,0.028721399655287312,0.013909103609167016,0.03168878943517032,0.025575053522891834,0.44843568087237556,0.0880657731260171,0.08351069919329523,0.137451469840319,0.10588299129727484,-0.05126186957530821,0.07314202804054433,0.12243811819064937,0.1065257683305623,0.15104158330585157,0.8473003011591304,0.8343463107192072,0.9174236060779574,0.9133685507505162,0.9202576068641113,1.0,0.9962518506163865,0.9647132695896893
0.44055941246385194,-0.135641131345727,0.022504364813329656,0.01654555958331265,-0.07021959758471993,0.8403388758295589,0.8795345848262951,0.06180895845556395,-0.12402957090994525,-0.15441665118524037,-0.19816862388073403,-0.17565341016245595,0.4413031859298036,0.15419461889497582,-0.04524921301007879,-0.031177980531724037,-0.023911872480248307,0.043052078875038924,-0.0077678325927273235,-0.027677357280205463,0.0026872142307441515,0.0001782948888289117,0.022643012144812392,0.011092367811347901,0.025141381650787952,0.019169613549112764,0.4447240140395787,0.07850429458680443,0.0782928991956218,0.13322480295499645,0.11125590855537991,-0.058524328866873844,0.06826998983018041,0.11846594765325075,0.11192681556457519,0.13860863702144147,0.8429838434602901,0.8408301657274232,0.9167995890947725,0.914905145393088,0.9218859698716771,0.9962518506163865,1.0,0.9682652344483301
0.3774796153449092,-0.14909775319192997,-0.00029746902728342375,0.02591410280086958,-0.04865310451978058,0.8608341679888544,0.9088726588108624,0.06484876488424077,-0.06244521327954616,-0.10277708130816714,-0.15796284215567824,-0.14894021269004445,0.37849929349056943,0.15685404952562781,-0.03525136245976441,-0.03189748702021611,-0.015438673907388487,0.0166947706306247,-0.009368280601947767,-0.03500363509118015,0.0026324649338615655,-0.003157162302905107,0.03359330691037129,0.011855150151518496,0.033463194807627064,0.029060670455578006,0.38198548589206993,0.034857740431733265,0.057645961454007445,0.11887958434735722,0.09749421133288026,-0.055089358494386884,0.05100289848532192,0.10570219484561383,0.09843202266527996,0.14601806765608183,0.8646294691941055,0.845119834724191,0.9318491629088996,0.9312810993287036,0.963573296671,0.9647132695896893,0.9682652344483301,1.0
