1.0,-0.06325132806040044,0.030011649455824966,0.028943521253934713,-0.024999564176816955,0.11035634923920151,0.10764536740825673,0.02333316442577269,-0.22137453709996036,-0.2979013101119885,-0.28719531917197916,-0.24766133056065207,0.9810748512589353,0.00040602625179512666,-0.11587668569776542,-0.04478688854271493,-0.11855179474432713,0.012283777989538426,-0.07977931132819616,0.025541266886563874,-0.06305905539501919,-0.07036702895895298,-0.12411771609205693,-0.027269948459511736,-0.10459307665101022,-0.12126368382955718,0.9879272031468882,0.3572285698194095,0.12912322530166095,0.1715094315319066,0.07268934169435563,0.04756527417322075,0.11651277204817657,0.1400761507310371,0.05912969964773417,0.0014370511329833578,0.11515468945079847,0.10069620791649313,0.1260912209654295,0.1244982224072313,0.1193126198349568,0.2426131625418189,0.2347344707283282,0.18093919390652335
-0.06325132806040044,1.0,0.07187341719974814,0.0469990138861845,0.007938973856498055,-0.050669220619847515,-0.050342847210098615,-0.03708663582960694,0.012378494751782557,0.03598886288518631,0.029034267564396796,0.0190022447756519,-0.05798458498499361,-0.036518991515407474,0.010966795999584633,0.0049086077153047076,-0.002829256337612413,0.02805988261826361,0.008812393913451785,0.009826977829744026,0.009497938623170606,0.0072543992269119995,-0.001234575621238392,-0.00276562945784417,0.0038861823724973144,0.003453701372032377,-0.06524319304870946,0.4078199199266825,-0.04228110748624652,-0.02308483080914865,-0.013083515150902598,0.3970275844440362,-0.04316141971296702,-0.02280846126445308,-0.011555108834174294,-0.012644526002618265,-0.048859548585656824,-0.05334230473459062,-0.053932238510617465,-0.05351138105878705,-0.048858140782893994,-0.05358757860389046,-0.05645831370190061,-0.06014779729225451
0.030011649455824966,0.07187341719974814,1.0,0.14011555781086021,-0.04638074562003491,0.03280811311580084,-0.0009537280939755573,0.012298401321813342,-0.047853709003052795,-0.047878389242574516,-0.04864833589356074,-0.049812077621109195,0.0346709843038294,0.06258283626996891,0.13626587707695056,0.15520873608558838,0.1373576929718396,0.14550634685425715,0.02020191626643586,0.035867746832186305,0.019833106804507075,0.01870795928937477,0.02804927620368048,0.05211495360794781,0.026493076871697607,0.02586370893734658,0.03187405641515933,0.04323396586680662,0.1767599246597698,0.06531623599915636,0.004604156650039842,0.0038029233722921274,0.16697818332993522,0.05616705891194344,0.003061172274275279,0.0234095927772666,0.038140189142154,0.02081169374989182,0.014255953737518106,0.01142780825465835,0.006587067116922036,0.020752246289775095,0.02017158903907504,0.011828563792727712
0.028943521253934713,0.0469990138861845,0.14011555781086021,1.0,0.03675873562699739,0.00821394282536745,0.008294644697718224,-0.03337302614647928,-0.038442148588507856,-0.053186540092656796,-0.05226362432901961,-0.04080850840574235,0.028121381083475876,-0.05845017576473182,0.007125077401728249,0.014462495224658162,0.03384389578322586,0.03077575274193055,0.02708950964462477,0.027592302605475124,0.029825970197183912,0.027264938798108415,0.08492557667818279,0.11288784793754976,0.08166692668399045,0.07654723782691789,0.02776915272879734,0.0362506816337832,0.03461233874590835,0.15038003119642157,-0.010059449151206226,0.0007036807531312309,0.032439344693418866,0.12992785635649295,-0.008462796836721392,-0.018894803259068588,0.013580417285479443,0.012614279038409977,0.008207022265778222,0.010322882728361751,0.011412274347316603,0.016152474537551514,0.01829153609128772,0.022188902328465876
-0.024999564176816955,0.007938973856498055,-0.04638074562003491,0.03675873562699739,1.0,-0.05891672034992776,-0.04641469344604497,-0.3153301620817907,-0.010523756771668252,-0.013527779282519064,-0.0009662774524039496,0.024244212345999685,-0.027489886463230494,-0.1197919080464514,0.0072110781736309795,-0.008065683916759036,0.012433223127484749,0.013949047827763827,0.05648048002680168,0.04629252400767361,0.05881294892869954,0.0534000250112802,0.02944846550426858,-0.006633952990759785,0.035351958696270676,0.03033549905773669,-0.026713636799449016,0.020572601094698346,-0.004734528297569278,0.006046449334852916,0.0035423077640305994,0.01698829002225185,-0.003297555017206555,0.005793224068005627,0.003310953493991012,-0.0478102742230107,-0.06331942874110763,-0.05762470460228618,-0.05005808116585751,-0.04699767773085181,-0.04603281743256757,-0.05483554140761417,-0.055306467029209216,-0.048972321346446974
0.11035634923920151,-0.050669220619847515,0.03280811311580084,0.00821394282536745,-0.05891672034992776,1.0,0.41300527725021813,0.06675580849460543,-0.026114132050401258,-0.03319571685712259,-0.0494761364040143,-0.06089779272417558,0.1142404720021373,0.11542823013218823,0.020103643566882594,0.013136966336267349,0.037649969034807926,0.05451532898380242,0.026180452931167393,0.02056509558042563,0.027488498416859998,0.028425507424180974,0.06735194369555347,0.06610891921378496,0.0640151981825127,0.0669919452473956,0.11307410642321943,-0.0046347695524925035,0.024617894449306774,0.0490348387595444,0.040435266931302144,-0.03274867352804233,0.02146923262707652,0.04005213862056963,0.03297744720412155,0.046188767392622676,0.47738037550471013,0.38778958625621596,0.44243204285346477,0.43381711094568404,0.4322080113335689,0.38940832902905415,0.38557341910557547,0.4014568996957627
0.10764536740825673,-0.050342847210098615,-0.0009537280939755573,0.008294644697718224,-0.04641469344604497,0.41300527725021813,1.0,0.0653948999604749,-0.018352775290152293,-0.022011814095701174,-0.03892648354216433,-0.04608213004728065,0.1087026017279196,0.08994673889980749,0.008843314665100634,0.0006785517959542076,0.024114939076830686,0.0409875976534829,0.022630067560744926,0.018988671531213776,0.023502011140802758,0.023519750556635535,0.05670436773176092,0.04232059800318445,0.05317376883801788,0.056065421369599036,0.11000815893199044,-0.012061964903778765,0.002653858922725122,0.02677477161499779,0.03072422129195225,-0.03296758431967077,0.0001746678352043484,0.019684895733756806,0.025019329342183424,0.03602508932650185,0.4020179162107434,0.4513601359153474,0.47239590275824583,0.4737302169477399,0.4830262069622604,0.4047121344750165,0.406846483231342,0.43585597570641055
0.02333316442577269,-0.03708663582960694,0.012298401321813342,-0.03337302614647928,-0.3153301620817907,0.06675580849460543,0.0653948999604749,1.0,-0.02433704770469227,-0.02819375830950892,-0.03983984453850383,-0.027746569914975493,0.026582791450769916,0.10999485254278096,0.013573351330884255,0.000740091112928145,0.03231178589859795,0.04918376879880639,0.04776895123808052,0.022788567871514096,0.05089820757845814,0.052128396259588275,0.05335603555766489,0.022064588101303323,0.05592326192323768,0.05484526856722417,0.02484446049759435,-0.028408466545788904,0.0050180909047203145,0.0049642454261307626,-0.03323768793836918,-0.05243328209667856,0.0026629516305993186,0.000804579008014848,-0.026991841349009147,0.05394966455555792,0.0701124195738762,0.07026859771768516,0.06279931763171953,0.0598075052606117,0.059108919809701635,0.06352656231814567,0.06151768164238867,0.06285742982331202
-0.22137453709996036,0.012378494751782557,-0.047853709003052795,-0.038442148588507856,-0.010523756771668252,-0.026114132050401258,-0.018352775290152293,-0.02433704770469227,1.0,0.8280811687888543,0.7558417609533615,0.665957017555292,-0.2211432369582743,0.015448661926421314,0.24999880966344754,0.33117040369041567,0.2305479408356808,-0.07288708745498225,0.08433908331673193,0.27177066596164984,0.08256040771819682,0.09301975722843973,0.0745476876254027,0.22397482791941212,0.0539696954463731,0.07346206593521168,-0.22062406155492212,-0.23008297477392606,-0.06742323663555531,-0.07973953656633834,-0.033721136931880495,0.39818435570086186,-0.03722394401073909,-0.04132643211202817,-0.02444132565510402,0.007097263156849493,-0.033121061199310624,-0.02136228370846312,-0.009650556162722358,-0.0067765648922708185,-0.013823136344425557,-0.07092942197927275,-0.0706625358636984,-0.0468968099849253
-0.2979013101119885,0.03598886288518631,-0.047878389242574516,-0.053186540092656796,-0.013527779282519064,-0.03319571685712259,-0.022011814095701174,-0.02819375830950892,0.8280811687888543,1.0,0.8489735987206379,0.7180888690816103,-0.29721124629943235,0.01712198908534062,0.2589134449466192,0.35693437102656567,0.254693250081293,-0.08903431930188438,0.08308458940319124,0.25913895797646214,0.07852368438647049,0.0833916709757433,0.05678975741964778,0.1656450347128299,0.03153118404658612,0.062340288114562326,-0.297087403225064,-0.2325963421221947,-0.07814285691628399,-0.10102579285022344,-0.04113757672739842,0.3725052336675061,-0.043084920554634934,-0.0539063602503129,-0.02973838624176083,0.0062778730025347534,-0.043136244142308156,-0.03193963263645243,-0.012174378620903776,-0.00936249440179599,-0.01836464141887124,-0.08965791017570286,-0.08967697817845369,-0.06598133117974564
-0.28719531917197916,0.029034267564396796,-0.04864833589356074,-0.05226362432901961,-0.0009662774524039496,-0.0494761364040143,-0.03892648354216433,-0.03983984453850383,0.7558417609533615,0.8489735987206379,1.0,0.8138959601033887,-0.2870262259314415,0.016983223863528015,0.3002895841749172,0.3467463603657667,0.2640152631498947,-0.05663416935774007,0.1149555845588897,0.2603771004402839,0.10693990435677227,0.10930904201155904,0.03844297225088619,0.14348696989109722,0.027012504700531022,0.04839183277852956,-0.2867266738380026,-0.2374336635518867,-0.07305702847316281,-0.10444974971821512,-0.03859337493984852,0.34229460347959034,-0.04327648985222672,-0.04898786605195991,-0.026854986629376274,0.0005944746077346342,-0.06481965372785198,-0.05531627598017099,-0.026326779744206198,-0.02394527781498996,-0.03738571318535683,-0.10056910751661666,-0.10096048163227085,-0.09171499465183917
-0.24766133056065207,0.0190022447756519,-0.049812077621109195,-0.04080850840574235,0.024244212345999685,-0.06089779272417558,-0.04608213004728065,-0.027746569914975493,0.665957017555292,0.7180888690816103,0.8138959601033887,1.0,-0.2476489084129651,0.0034712079256235587,0.2905047473908514,0.29687064629918103,0.2462594962139689,-0.024155695055099558,0.17278406959469464,0.23930476595690317,0.16768731112743873,0.16785166645027522,0.10087225418613571,0.11316631148369194,0.07926434823306691,0.08953080151510566,-0.24741631575726977,-0.21720543220145982,-0.06015938382932104,-0.08779210571530799,-0.04023074229887448,0.3356693158542923,-0.03477526741335412,-0.04134962969622243,-0.0269999040751179,-0.0018632976662575134,-0.07422503821976016,-0.061428636909620735,-0.03467235433963284,-0.03243347586628378,-0.04563617665939354,-0.09548175220684962,-0.09620535883819781,-0.0954395737140627
0.9810748512589353,-0.05798458498499361,0.0346709843038294,0.028121381083475876,-0.027489886463230494,0.1142404720021373,0.1087026017279196,0.026582791450769916,-0.2211432369582743,-0.29721124629943235,-0.2870262259314415,-0.2476489084129651,1.0,0.0031692748449124787,-0.11498948646631438,-0.04461403633632715,-0.1172461262655304,0.013973615901581358,-0.07809338800431696,0.02610572543975694,-0.06148691890140874,-0.06842377316512899,-0.12152362865461239,-0.024554745613664133,-0.10234739048375138,-0.11882424883186389,0.9923069554769332,0.3610033152282665,0.12996505596437571,0.17288686302090223,0.07416237948389137,0.05154244060922114,0.11736821884997772,0.14145686685529402,0.060316419449715164,0.0017791015054056647,0.1189450211798619,0.10277041957556544,0.12670395589989006,0.12477986526289069,0.11989836186724732,0.2420027471422721,0.2340242052823258,0.1811715479184716
0.00040602625179512666,-0.036518991515407474,0.06258283626996891,-0.05845017576473182,-0.1197919080464514,0.11542823013218823,0.08994673889980749,0.10999485254278096,0.015448661926421314,0.01712198908534062,0.016983223863528015,0.0034712079256235587,0.0031692748449124787,1.0,0.01767672118751893,0.022451741915308493,0.0227003343822278,0.01782103211080521,0.002730108656160084,0.0012097293615363706,0.0017955991712980597,0.0036908304666257983,0.020685136610536396,0.03226062412237131,0.018102127575208158,0.021436124033056093,0.003893088568765301,-0.04055402693622923,0.008685699928545931,-0.0036711538663944175,0.000605913754415997,-0.019409594941141032,0.006261809218188162,-0.0030848878042592683,0.0004885487145451593,0.11018384034684978,0.11009601618419666,0.08410474436097082,0.09447625643640188,0.0874265435471759,0.08738977520220596,0.0802598699633719,0.07627843526551968,0.07808617684101529
-0.11587668569776542,0.010966795999584633,0.13626587707695056,0.007125077401728249,0.0072110781736309795,0.020103643566882594,0.008843314665100634,0.013573351330884255,0.24999880966344754,0.2589134449466192,0.3002895841749172,0.2905047473908514,-0.11498948646631438,0.01767672118751893,1.0,0.6441858373631083,0.8048805986119366,0.5621047931046246,0.4395398028850038,0.3891852789749395,0.43283164078577524,0.4323805159459088,0.38306182608069944,0.2904578293063407,0.37520803291719296,0.38533597047302864,-0.11456386306094396,-0.08344298934238294,0.2768856095177686,0.1293053785910144,0.021775413063303842,0.2177094036206125,0.2662014262928391,0.11431926822207111,0.018162732724403097,0.010356587292024788,0.021977318073393738,0.012960887764470165,0.025544937935005944,0.025663815406490462,0.0175283740093247,0.004086782583205481,0.0014302692606557323,0.0036323532555387313
-0.04478688854271493,0.0049086077153047076,0.15520873608558838,0.014462495224658162,-0.008065683916759036,0.013136966336267349,0.0006785517959542076,0.000740091112928145,0.33117040369041567,0.35693437102656567,0.3467463603657667,0.29687064629918103,-0.04461403633632715,0.022451741915308493,0.6441858373631083,1.0,0.662275657578068,0.33745928548816967,0.21716123314039876,0.3766220162666651,0.21484382348365608,0.21739892466292826,0.17505447650492661,0.31038131698178206,0.1568362290148649,0.1781892894413864,-0.04367457651850875,-0.05542272777687493,0.33228281230666346,0.16438396393504764,0.026651664371431343,0.2244133094391891,0.3213060057980483,0.14780561456977073,0.022944300002502208,0.0072944725386010255,0.012272211042228668,9.807816311169244e-05,0.017391135934768487,0.01747857966934159,0.007799836286409401,0.0028133682506349396,0.0012263635949531044,0.002646511041486122
-0.11855179474432713,-0.002829256337612413,0.1373576929718396,0.03384389578322586,0.012433223127484749,0.037649969034807926,0.024114939076830686,0.03231178589859795,0.2305479408356808,0.254693250081293,0.2640152631498947,0.2462594962139689,-0.1172461262655304,0.0227003343822278,0.8048805986119366,0.662275657578068,1.0,0.5827414815653708,0.4588388752972244,0.3793569596748306,0.45665214325997905,0.4515767070247433,0.4354636797922692,0.3307235405045515,0.42255157821359013,0.44139032513093696,-0.11703641553247637,-0.09821295002120281,0.27667600960517336,0.13425315268348834,0.01932225231015221,0.2006381424792897,0.2610542663784575,0.11660049569506149,0.01616005540015411,0.013917779661205835,0.04024933258958609,0.025556163930018493,0.03754129009623138,0.03748043478872761,0.03206445296792683,0.01966478522724996,0.017018880774307642,0.024335022465041167
0.012283777989538426,0.02805988261826361,0.14550634685425715,0.03077575274193055,0.013949047827763827,0.05451532898380242,0.0409875976534829,0.04918376879880639,-0.07288708745498225,-0.08903431930188438,-0.05663416935774007,-0.024155695055099558,0.013973615901581358,0.01782103211080521,0.5621047931046246,0.33745928548816967,0.5827414815653708,1.0,0.5060635183049473,0.2975381080099895,0.5061166028274346,0.5158441209922162,0.518653948330559,0.3283466232791882,0.5159754352896766,0.5242801092716233,0.01282523226738214,-0.009341031887738478,0.2722588335770361,0.1581081318246922,0.03731445320898368,0.09355151142448163,0.25972438445136287,0.13366314588447828,0.030029307662849874,0.014644823083651391,0.05953018594178835,0.050818909663432624,0.04997220573997959,0.04873924589176805,0.045086130075563315,0.062326082720846,0.060293001471955716,0.05037741896925506
-0.07977931132819616,0.008812393913451785,0.02020191626643586,0.02708950964462477,0.05648048002680168,0.026180452931167393,0.022630067560744926,0.04776895123808052,0.08433908331673193,0.08308458940319124,0.1149555845588897,0.17278406959469464,-0.07809338800431696,0.002730108656160084,0.4395398028850038,0.21716123314039876,0.4588388752972244,0.5060635183049473,1.0,0.5613786413352219,0.9281766637760945,0.9401822275157188,0.6624017622089388,0.3400300282352268,0.6844031613231437,0.6902872490867916,-0.07937882517298649,-0.043214459397386135,0.08473207434760335,0.10878649569501364,0.014155237701000804,0.19039611967677816,0.07719346554556224,0.08961040927402261,0.011653428186417007,0.0034216922059716777,0.027112465136691674,0.02494080934468429,0.031085410050438488,0.03130456134701241,0.026437650128614567,0.03036566525343608,0.027643775917654826,0.022874835910142107
0.025541266886563874,0.009826977829744026,0.035867746832186305,0.027592302605475124,0.04629252400767361,0.02056509558042563,0.018988671531213776,0.022788567871514096,0.27177066596164984,0.25913895797646214,0.2603771004402839,0.23930476595690317,0.02610572543975694,0.0012097293615363706,0.3891852789749395,0.3766220162666651,0.3793569596748306,0.2975381080099895,0.5613786413352219,1.0,0.5412739137785808,0.5357074688469435,0.3313505428416172,0.40813093822357566,0.33512794547505675,0.34904988391085306,0.02592346054739007,-0.004886427942392534,0.13243810975764966,0.16811719332956415,0.025452719024156904,0.2539999680804872,0.12951473883873743,0.14975547007724396,0.022098540426462827,-0.0023356934079830807,0.017686068318251195,0.017631873296026893,0.03127440365803224,0.032445386625243974,0.02314907980322336,0.0314805547669849,0.030082983969458778,0.026140854455591504
-0.06305905539501919,0.009497938623170606,0.019833106804507075,0.029825970197183912,0.05881294892869954,0.027488498416859998,0.023502011140802758,0.05089820757845814,0.08256040771819682,0.07852368438647049,0.10693990435677227,0.16768731112743873,-0.06148691890140874,0.0017955991712980597,0.43283164078577524,0.21484382348365608,0.45665214325997905,0.5061166028274346,0.9281766637760945,0.5412739137785808,1.0,0.9272676673724394,0.6682072168267514,0.33915077334137544,0.7048471524322724,0.6981979011836791,-0.06271337349777759,-0.03783606292417265,0.0768307853675798,0.10169150655019686,0.008958102653539097,0.19303226907302456,0.06726207987645029,0.08021648260067547,0.007106743336471693,0.004906510139010104,0.02890985775706211,0.026655111623620317,0.031545780997221114,0.031664285769062495,0.02738642911417378,0.03448993493601423,0.031708974062839936,0.0269589696975976
-0.07036702895895298,0.0072543992269119995,0.01870795928937477,0.027264938798108415,0.0534000250112802,0.028425507424180974,0.023519750556635535,0.052128396259588275,0.09301975722843973,0.0833916709757433,0.10930904201155904,0.16785166645027522,-0.06842377316512899,0.0036908304666257983,0.4323805159459088,0.21739892466292826,0.4515767070247433,0.5158441209922162,0.9401822275157188,0.5357074688469435,0.9272676673724394,1.0,0.6811019710646983,0.34931225383755127,0.7056239213685003,0.7098816843892048,-0.07001907142735685,-0.04063939110552795,0.08235793998842683,0.10765385913492914,0.013903729676868162,0.19307968188955096,0.07458351692854022,0.0878827467425398,0.011323733945122746,0.0052007210953845555,0.03005195123095919,0.027620073738222607,0.03130797268196126,0.03136996802561463,0.02691191771414443,0.03222700994044533,0.02942764442144065,0.02487108721637018
-0.12411771609205693,-0.001234575621238392,0.02804927620368048,0.08492557667818279,0.02944846550426858,0.06735194369555347,0.05670436773176092,0.05335603555766489,0.0745476876254027,0.05678975741964778,0.03844297225088619,0.10087225418613571,-0.12152362865461239,0.020685136610536396,0.38306182608069944,0.17505447650492661,0.4354636797922692,0.518653948330559,0.6624017622089388,0.3313505428416172,0.6682072168267514,0.6811019710646983,1.0,0.5466915273347013,0.9179006942986356,0.9409649600467366,-0.12301088725109605,-0.10929490528242211,0.07586653987301045,0.19428307140132564,0.022756342824374467,0.12904437947203562,0.06869737205119184,0.16049326053996613,0.018110935176796406,0.013573374110084148,0.07198673135680646,0.06341143409435539,0.0636456712175342,0.06369241021027755,0.06299190730901479,0.05369741998035437,0.05133878530535139,0.05935893480124085
-0.027269948459511736,-0.00276562945784417,0.05211495360794781,0.11288784793754976,-0.006633952990759785,0.06610891921378496,0.04232059800318445,0.022064588101303323,0.22397482791941212,0.1656450347128299,0.14348696989109722,0.11316631148369194,-0.024554745613664133,0.03226062412237131,0.2904578293063407,0.31038131698178206,0.3307235405045515,0.3283466232791882,0.3400300282352268,0.40813093822357566,0.33915077334137544,0.34931225383755127,0.5466915273347013,1.0,0.4985568039069332,0.5189436826858905,-0.025936271993757757,-0.0769351800306459,0.13829497398736154,0.34638371659315503,0.05842116712620136,0.15966878037704343,0.13477927206339146,0.3071492779587077,0.04818727706254621,0.009177804619519576,0.06619829678705627,0.0523906755328894,0.05666073440700107,0.056615782981761266,0.05046713405723921,0.045430123136742065,0.044293522634755264,0.05109973581009159
-0.10459307665101022,0.0038861823724973144,0.026493076871697607,0.08166692668399045,0.035351958696270676,0.0640151981825127,0.05317376883801788,0.05592326192323768,0.0539696954463731,0.03153118404658612,0.027012504700531022,0.07926434823306691,-0.10234739048375138,0.018102127575208158,0.37520803291719296,0.1568362290148649,0.42255157821359013,0.5159754352896766,0.6844031613231437,0.33512794547505675,0.7048471524322724,0.7056239213685003,0.9179006942986356,0.4985568039069332,1.0,0.934691899702414,-0.1037594649038667,-0.09362389837792041,0.0702830210474231,0.17780805763352342,0.019546784337336615,0.1299290134464049,0.060423461587985935,0.1414820730485111,0.015155908060456311,0.012312576514792584,0.0682966538777685,0.058614598776540655,0.05925746153390732,0.05894926958031884,0.0591524854686436,0.0551335089769392,0.05266216224501751,0.05823696224667949
-0.12126368382955718,0.003453701372032377,0.02586370893734658,0.07654723782691789,0.03033549905773669,0.0669919452473956,0.056065421369599036,0.05484526856722417,0.07346206593521168,0.062340288114562326,0.04839183277852956,0.08953080151510566,-0.11882424883186389,0.021436124033056093,0.38533597047302864,0.1781892894413864,0.44139032513093696,0.5242801092716233,0.6902872490867916,0.34904988391085306,0.6981979011836791,0.7098816843892048,0.9409649600467366,0.5189436826858905,0.934691899702414,1.0,-0.12025570444537466,-0.09872774311799555,0.0740090179423868,0.1864240566347664,0.023368249931311393,0.13670960005179522,0.06661282975129312,0.15356028943997307,0.01857438020784912,0.013602974809277085,0.07092927872032175,0.060954596160669394,0.061942115024007524,0.061636501522073804,0.06175461270034014,0.054739481658252515,0.05227370850194709,0.058984652859964896
0.9879272031468882,-0.06524319304870946,0.03187405641515933,0.02776915272879734,-0.026713636799449016,0.11307410642321943,0.11000815893199044,0.02484446049759435,-0.22062406155492212,-0.297087403225064,-0.2867266738380026,-0.24741631575726977,0.9923069554769332,0.003893088568765301,-0.11456386306094396,-0.04367457651850875,-0.11703641553247637,0.01282523226738214,-0.07937882517298649,0.02592346054739007,-0.06271337349777759,-0.07001907142735685,-0.12301088725109605,-0.025936271993757757,-0.1037594649038667,-0.12025570444537466,1.0,0.3555984276492857,0.13013813767638796,0.17250789265125435,0.07372398702516017,0.046722821317911514,0.11748141695644893,0.1410641469007236,0.059962646361456276,0.0027687800300289366,0.11780528462362058,0.1029540617793171,0.12860685316556197,0.12667180569832687,0.12175538308323386,0.24412702744346645,0.23615009529651038,0.1833268117901181
0.3572285698194095,0.4078199199266825,0.04323396586680662,0.0362506816337832,0.020572601094698346,-0.0046347695524925035,-0.012061964903778765,-0.028408466545788904,-0.23008297477392606,-0.2325963421221947,-0.2374336635518867,-0.21720543220145982,0.3610033152282665,-0.04055402693622923,-0.08344298934238294,-0.05542272777687493,-0.09821295002120281,-0.009341031887738478,-0.043214459397386135,-0.004886427942392534,-0.03783606292417265,-0.04063939110552795,-0.10929490528242211,-0.0769351800306459,-0.09362389837792041,-0.09872774311799555,0.3555984276492857,1.0,0.09841723240596749,0.14405705475705616,0.04906871192481215,0.39517548509583555,0.09176835195077683,0.12278060402458463,0.03957602558884662,-0.02110868727089452,-0.00018915171276450213,-0.01640532754957083,-0.008945629010769682,-0.010563903544970492,-0.00874253448593659,0.048369306038045554,0.04447962670191041,0.026593076365684226
0.12912322530166095,-0.04228110748624652,0.1767599246597698,0.03461233874590835,-0.004734528297569278,0.024617894449306774,0.002653858922725122,0.0050180909047203145,-0.06742323663555531,-0.07814285691628399,-0.07305702847316281,-0.06015938382932104,0.12996505596437571,0.008685699928545931,0.2768856095177686,0.33228281230666346,0.27667600960517336,0.2722588335770361,0.08473207434760335,0.13243810975764966,0.0768307853675798,0.08235793998842683,0.07586653987301045,0.13829497398736154,0.0702830210474231,0.0740090179423868,0.13013813767638796,0.09841723240596749,1.0,0.2092922688712004,0.05021858152654294,0.007612906812509516,0.35052836568028845,0.1855158851209457,0.041599498305438375,0.0008473387235335963,0.027604056865044444,0.00953930862087065,0.01546518860999657,0.013428111176054651,0.009871255424482157,0.03681938717205206,0.03551984878758525,0.027846569260876055
0.1715094315319066,-0.02308483080914865,0.06531623599915636,0.15038003119642157,0.006046449334852916,0.0490348387595444,0.02677477161499779,0.0049642454261307626,-0.07973953656633834,-0.10102579285022344,-0.10444974971821512,-0.08779210571530799,0.17288686302090223,-0.0036711538663944175,0.1293053785910144,0.16438396393504764,0.13425315268348834,0.1581081318246922,0.10878649569501364,0.16811719332956415,0.10169150655019686,0.10765385913492914,0.19428307140132564,0.34638371659315503,0.17780805763352342,0.1864240566347664,0.17250789265125435,0.14405705475705616,0.2092922688712004,1.0,0.08295303472429648,0.0318468102473139,0.20390578610267784,0.3992878921111096,0.07623906203138013,-0.005976665028036127,0.053542239749865266,0.03190127967237758,0.0387705040068766,0.038113725789252775,0.03546431068975428,0.06897500934540385,0.06802499761644336,0.0606445918186018
0.07268934169435563,-0.013083515150902598,0.004604156650039842,-0.010059449151206226,0.0035423077640305994,0.040435266931302144,0.03072422129195225,-0.03323768793836918,-0.033721136931880495,-0.04113757672739842,-0.03859337493984852,-0.04023074229887448,0.07416237948389137,0.000605913754415997,0.021775413063303842,0.026651664371431343,0.01932225231015221,0.03731445320898368,0.014155237701000804,0.025452719024156904,0.008958102653539097,0.013903729676868162,0.022756342824374467,0.05842116712620136,0.019546784337336615,0.023368249931311393,0.07372398702516017,0.04906871192481215,0.05021858152654294,0.08295303472429648,1.0,0.006039464098532843,0.049814907956083856,0.08460755761161828,0.1923937116019454,-0.003626247207645934,0.04325745033858747,0.03207863030262086,0.03677259562611162,0.03682019667594129,0.03774031814240117,0.04743216909505312,0.048386238115954765,0.04577808654773408
0.04756527417322075,0.3970275844440362,0.0038029233722921274,0.0007036807531312309,0.01698829002225185,-0.03274867352804233,-0.03296758431967077,-0.05243328209667856,0.39818435570086186,0.3725052336675061,0.34229460347959034,0.3356693158542923,0.05154244060922114,-0.019409594941141032,0.2177094036206125,0.2244133094391891,0.2006381424792897,0.09355151142448163,0.19039611967677816,0.2539999680804872,0.19303226907302456,0.19307968188955096,0.12904437947203562,0.15966878037704343,0.1299290134464049,0.13670960005179522,0.046722821317911514,0.39517548509583555,0.007612906812509516,0.0318468102473139,0.006039464098532843,1.0,0.02025061667689405,0.04266543902857342,0.00691259936315844,-0.013360456757634366,-0.0363442684940654,-0.041990585477472364,-0.019885813253315118,-0.019018873996910515,-0.02012427531244618,-0.023432049785903148,-0.025971528528914097,-0.027020327221627862
0.11651277204817657,-0.04316141971296702,0.16697818332993522,0.032439344693418866,-0.003297555017206555,0.02146923262707652,0.0001746678352043484,0.0026629516305993186,-0.03722394401073909,-0.043084920554634934,-0.04327648985222672,-0.03477526741335412,0.11736821884997772,0.006261809218188162,0.2662014262928391,0.3213060057980483,0.2610542663784575,0.25972438445136287,0.07719346554556224,0.12951473883873743,0.06726207987645029,0.07458351692854022,0.06869737205119184,0.13477927206339146,0.060423461587985935,0.06661282975129312,0.11748141695644893,0.09176835195077683,0.35052836568028845,0.20390578610267784,0.049814907956083856,0.02025061667689405,1.0,0.1924160405975413,0.04162705787602786,5.254977344661659e-06,0.023821939793295114,0.006899409160865973,0.012981109760542772,0.011142197145105339,0.007810771412324116,0.03083412455564272,0.029643714373948346,0.023540601316345847
0.1400761507310371,-0.02280846126445308,0.05616705891194344,0.12992785635649295,0.005793224068005627,0.04005213862056963,0.019684895733756806,0.000804579008014848,-0.04132643211202817,-0.0539063602503129,-0.04898786605195991,-0.04134962969622243,0.14145686685529402,-0.0030848878042592683,0.11431926822207111,0.14780561456977073,0.11660049569506149,0.13366314588447828,0.08961040927402261,0.14975547007724396,0.08021648260067547,0.0878827467425398,0.16049326053996613,0.3071492779587077,0.1414820730485111,0.15356028943997307,0.1410641469007236,0.12278060402458463,0.1855158851209457,0.3992878921111096,0.08460755761161828,0.04266543902857342,0.1924160405975413,1.0,0.07104390302180945,-0.00614802092661753,0.042379465005585405,0.024124047035241777,0.03120920746470621,0.03065936268554229,0.027987802860566027,0.05325829148791012,0.05240905856983486,0.0467659287602576
0.05912969964773417,-0.011555108834174294,0.003061172274275279,-0.008462796836721392,0.003310953493991012,0.03297744720412155,0.025019329342183424,-0.026991841349009147,-0.02444132565510402,-0.02973838624176083,-0.026854986629376274,-0.0269999040751179,0.060316419449715164,0.0004885487145451593,0.018162732724403097,0.022944300002502208,0.01616005540015411,0.030029307662849874,0.011653428186417007,0.022098540426462827,0.007106743336471693,0.011323733945122746,0.018110935176796406,0.04818727706254621,0.015155908060456311,0.01857438020784912,0.059962646361456276,0.03957602558884662,0.041599498305438375,0.07623906203138013,0.1923937116019454,0.00691259936315844,0.04162705787602786,0.07104390302180945,1.0,-0.003119239334415939,0.03497597706786829,0.025946712576796368,0.030144007559500835,0.030208755095439088,0.03071882056562933,0.03836037700929047,0.03915510405653971,0.03702137275414654
0.0014370511329833578,-0.012644526002618265,0.0234095927772666,-0.018894803259068588,-0.0478102742230107,0.046188767392622676,0.03602508932650185,0.05394966455555792,0.007097263156849493,0.0062778730025347534,0.0005944746077346342,-0.0018632976662575134,0.0017791015054056647,0.11018384034684978,0.010356587292024788,0.0072944725386010255,0.013917779661205835,0.014644823083651391,0.0034216922059716777,-0.0023356934079830807,0.004906510139010104,0.0052007210953845555,0.013573374110084148,0.009177804619519576,0.012312576514792584,0.013602974809277085,0.0027687800300289366,-0.02110868727089452,0.0008473387235335963,-0.005976665028036127,-0.003626247207645934,-0.013360456757634366,5.254977344661659e-06,-0.00614802092661753,-0.003119239334415939,1.0,0.04835736413960436,0.0375956425416904,0.03883678056720152,0.034345602440000934,0.0350913638448538,0.03316408940616694,0.030665358571179243,0.03322369987464552
0.11515468945079847,-0.048859548585656824,0.038140189142154,0.013580417285479443,-0.06331942874110763,0.47738037550471013,0.4020179162107434,0.0701124195738762,-0.033121061199310624,-0.043136244142308156,-0.06481965372785198,-0.07422503821976016,0.1189450211798619,0.11009601618419666,0.021977318073393738,0.012272211042228668,0.04024933258958609,0.05953018594178835,0.027112465136691674,0.017686068318251195,0.02890985775706211,0.03005195123095919,0.07198673135680646,0.06619829678705627,0.0682966538777685,0.07092927872032175,0.11780528462362058,-0.00018915171276450213,0.027604056865044444,0.053542239749865266,0.04325745033858747,-0.0363442684940654,0.023821939793295114,0.042379465005585405,0.03497597706786829,0.04835736413960436,1.0,0.3916386833112386,0.42782858800932627,0.420408855867741,0.4208228632814344,0.3935650043683609,0.3903338707413796,0.4049158179770245
0.10069620791649313,-0.05334230473459062,0.02081169374989182,0.012614279038409977,-0.05762470460228618,0.38778958625621596,0.4513601359153474,0.07026859771768516,-0.02136228370846312,-0.03193963263645243,-0.05531627598017099,-0.061428636909620735,0.10277041957556544,0.08410474436097082,0.012960887764470165,9.807816311169244e-05,0.025556163930018493,0.050818909663432624,0.02494080934468429,0.017631873296026893,0.026655111623620317,0.027620073738222607,0.06341143409435539,0.0523906755328894,0.058614598776540655,0.060954596160669394,0.1029540617793171,-0.01640532754957083,0.00953930862087065,0.03190127967237758,0.03207863030262086,-0.041990585477472364,0.006899409160865973,0.024124047035241777,0.025946712576796368,0.0375956425416904,0.3916386833112386,1.0,0.4421056241116487,0.44471362260069697,0.4293823106567386,0.3935550144919273,0.3958574828931001,0.39867639486130346
0.1260912209654295,-0.053932238510617465,0.014255953737518106,0.008207022265778222,-0.05005808116585751,0.44243204285346477,0.47239590275824583,0.06279931763171953,-0.009650556162722358,-0.012174378620903776,-0.026326779744206198,-0.03467235433963284,0.12670395589989006,0.09447625643640188,0.025544937935005944,0.017391135934768487,0.03754129009623138,0.04997220573997959,0.031085410050438488,0.03127440365803224,0.031545780997221114,0.03130797268196126,0.0636456712175342,0.05666073440700107,0.05925746153390732,0.061942115024007524,0.12860685316556197,-0.008945629010769682,0.01546518860999657,0.0387705040068766,0.03677259562611162,-0.019885813253315118,0.012981109760542772,0.03120920746470621,0.030144007559500835,0.03883678056720152,0.42782858800932627,0.4421056241116487,1.0,0.5575426045906263,0.5197148764183545,0.4490052723716307,0.44595213106533194,0.4604138679126602
0.1244982224072313,-0.05351138105878705,0.01142780825465835,0.010322882728361751,-0.04699767773085181,0.43381711094568404,0.4737302169477399,0.0598075052606117,-0.0067765648922708185,-0.00936249440179599,-0.02394527781498996,-0.03243347586628378,0.12477986526289069,0.0874265435471759,0.025663815406490462,0.01747857966934159,0.03748043478872761,0.04873924589176805,0.03130456134701241,0.032445386625243974,0.031664285769062495,0.03136996802561463,0.06369241021027755,0.056615782981761266,0.05894926958031884,0.061636501522073804,0.12667180569832687,-0.010563903544970492,0.013428111176054651,0.038113725789252775,0.03682019667594129,-0.019018873996910515,0.011142197145105339,0.03065936268554229,0.030208755095439088,0.034345602440000934,0.420408855867741,0.44471362260069697,0.5575426045906263,1.0,0.5223960510741453,0.4447343675212192,0.44448173560611215,0.4597007846784519
0.1193126198349568,-0.048858140782893994,0.006587067116922036,0.011412274347316603,-0.04603281743256757,0.4322080113335689,0.4830262069622604,0.059108919809701635,-0.013823136344425557,-0.01836464141887124,-0.03738571318535683,-0.04563617665939354,0.11989836186724732,0.08738977520220596,0.0175283740093247,0.007799836286409401,0.03206445296792683,0.045086130075563315,0.026437650128614567,0.02314907980322336,0.02738642911417378,0.02691191771414443,0.06299190730901479,0.05046713405723921,0.0591524854686436,0.06175461270034014,0.12175538308323386,-0.00874253448593659,0.009871255424482157,0.03546431068975428,0.03774031814240117,-0.02012427531244618,0.007810771412324116,0.027987802860566027,0.03071882056562933,0.0350913638448538,0.4208228632814344,0.4293823106567386,0.5197148764183545,0.5223960510741453,1.0,0.4398401728054149,0.4408701931440206,0.4835999127531369
0.2426131625418189,-0.05358757860389046,0.020752246289775095,0.016152474537551514,-0.05483554140761417,0.38940832902905415,0.4047121344750165,0.06352656231814567,-0.07092942197927275,-0.08965791017570286,-0.10056910751661666,-0.09548175220684962,0.2420027471422721,0.0802598699633719,0.004086782583205481,0.0028133682506349396,0.01966478522724996,0.062326082720846,0.03036566525343608,0.0314805547669849,0.03448993493601423,0.03222700994044533,0.05369741998035437,0.045430123136742065,0.0551335089769392,0.054739481658252515,0.24412702744346645,0.048369306038045554,0.03681938717205206,0.06897500934540385,0.04743216909505312,-0.023432049785903148,0.03083412455564272,0.05325829148791012,0.03836037700929047,0.03316408940616694,0.3935650043683609,0.3935550144919273,0.4490052723716307,0.4447343675212192,0.4398401728054149,1.0,0.5516392528936113,0.4996225726470001
0.2347344707283282,-0.05645831370190061,0.02017158903907504,0.01829153609128772,-0.055306467029209216,0.38557341910557547,0.406846483231342,0.06151768164238867,-0.0706625358636984,-0.08967697817845369,-0.10096048163227085,-0.09620535883819781,0.2340242052823258,0.07627843526551968,0.0014302692606557323,0.0012263635949531044,0.017018880774307642,0.060293001471955716,0.027643775917654826,0.030082983969458778,0.031708974062839936,0.02942764442144065,0.05133878530535139,0.044293522634755264,0.05266216224501751,0.05227370850194709,0.23615009529651038,0.04447962670191041,0.03551984878758525,0.06802499761644336,0.048386238115954765,-0.025971528528914097,0.029643714373948346,0.05240905856983486,0.03915510405653971,0.030665358571179243,0.3903338707413796,0.3958574828931001,0.44595213106533194,0.44448173560611215,0.4408701931440206,0.5516392528936113,1.0,0.5049964432781107
0.18093919390652335,-0.06014779729225451,0.011828563792727712,0.022188902328465876,-0.048972321346446974,0.4014568996957627,0.43585597570641055,0.06285742982331202,-0.0468968099849253,-0.06598133117974564,-0.09171499465183917,-0.0954395737140627,0.1811715479184716,0.07808617684101529,0.0036323532555387313,0.002646511041486122,0.024335022465041167,0.05037741896925506,0.022874835910142107,0.026140854455591504,0.0269589696975976,0.02487108721637018,0.05935893480124085,0.05109973581009159,0.05823696224667949,0.058984652859964896,0.1833268117901181,0.026593076365684226,0.027846569260876055,0.0606445918186018,0.04577808654773408,-0.027020327221627862,0.023540601316345847,0.0467659287602576,0.03702137275414654,0.03322369987464552,0.4049158179770245,0.39867639486130346,0.4604138679126602,0.4597007846784519,0.4835999127531369,0.4996225726470001,0.5049964432781107,1.0
