1.0,0.0006917859806720718,-0.0695606593613865,-0.027454165868905596,0.9397611871471139,,,,,,0.39172154695210404,-0.001460301512600893,-0.0725687063870748,-0.027013595726750137,0.3739197362016891,0.6661580047625572,0.09870143065491174,-0.07197428974612531,-0.03881283876938558,0.6654537937546935,0.12985980475951667,0.13490923969893032,0.3703532312807158,0.1906927742278768,-0.009147581776862862,-0.01656962093455829,-0.014421993735201576,-0.014917253082561359,-0.09124995171097076,-0.08011173444941448,-0.07710134912903004,-0.07720344531289018,-0.026515801844489904,-0.021115593924240977,-0.023015727403945672,-0.022212194419939803,0.10834945475851225,0.14180763211900083,0.3475451450413476,0.19167062277459299,-0.03788534066981057,-0.03613326995359539,,0.05038534886729578,0.05464720910390851,-0.02688402239900874
0.0006917859806720718,1.0,0.1991933123976177,0.08880377901983427,0.02502011744877874,,,,,,0.032563595067012605,0.48381029067918996,0.1986177397056455,0.08652969660710877,0.049176679023210226,-0.06094249901161994,0.2155567631617741,0.06377926432441652,-0.015186179641650073,-0.05862937009810587,0.12550026972022743,0.11019395140780647,0.07389065729540477,0.08717536537897311,0.442008911844268,0.35582144614237554,0.3615075643153003,0.35807667790787556,0.2027708227169416,0.17263244700151742,0.1701838348628526,0.17261459607709365,0.08767463429171772,0.06520845222055961,0.06463516184585187,0.0642901460850312,0.1428293679008548,0.12343850187356034,0.0946084791696073,0.10033049413127189,-0.03882358108123852,-0.009429604621935731,,0.1279325347564948,0.11928658850161805,0.06881573138196273
-0.0695606593613865,0.1991933123976177,1.0,0.09899606155246957,-0.041467361024523045,,,,,,0.0018693321617361295,0.19988035284459812,0.5746932850125138,0.09933887718767342,0.021331006686224983,-0.15330884778056297,0.012032877027138277,0.2553409759249274,-0.008985639181771725,-0.1516589310979769,0.14446797610664688,0.13882842298191378,0.0484770931843588,0.1006957842065139,0.20214636449667722,0.17233291601778014,0.16761625219553655,0.17073853674229983,0.5313686106907668,0.45285711558939484,0.45000605295435875,0.45835617331451123,0.10087239316111016,0.07453182691178237,0.07203574799067752,0.07303106376817722,0.16716235493551387,0.14828593075903318,0.07390986491364122,0.11113476613043893,-0.005914221203772978,-0.011308213546933904,,0.020876397408162484,0.014999428988232743,0.11770401545012217
-0.027454165868905596,0.08880377901983427,0.09899606155246957,1.0,-0.009482342656775156,,,,,,0.002017969332851643,0.09022766062251138,0.10010860490876396,0.337109331626184,0.013682501163181886,-0.0639011242242986,-0.01402556631427274,0.004357094402562843,0.05028492710970367,-0.06270425409496416,0.06942914870071308,0.06377692289316349,0.022195215486322525,0.03612410399114888,0.0963929006904913,0.07552943786395476,0.07633262950419752,0.07463262018549889,0.1087040625387387,0.09114509215193914,0.08847865022231254,0.09031835005066984,0.33274967488739704,0.2382071264342848,0.23677411830820252,0.23682291785764017,0.08765104441220363,0.07486058173856514,0.038603351424938565,0.048168120695306633,0.030147238821086664,0.05617395309077813,,0.004552062277956202,-0.0063017924355213825,-5.28014003944803e-05
0.9397611871471139,0.02502011744877874,-0.041467361024523045,-0.009482342656775156,1.0,,,,,,0.3769740703244137,0.022595802586925774,-0.04548762527380106,-0.009621366687231205,0.3788010592142134,0.6382762822147794,0.10411535960490441,-0.0698094427874653,-0.03456621730768228,0.6394096301546046,0.1330446722205809,0.14277104381947808,0.36506812189738835,0.1934850940577328,0.014450039587000913,0.00227794254495563,0.0037779829740234787,0.004293265073376508,-0.06363958529102769,-0.057080003512509574,-0.05483753604494722,-0.05384938847356513,-0.009154153093507904,-0.010542265059537865,-0.012201133812344696,-0.011470743345466784,0.1198867703157373,0.15373090749439797,0.35105464854072244,0.1979548229561337,-0.033467297213466314,-0.03252656178428754,,0.053572265474276,0.058353329009664556,-0.03322262691997533
,,,,,1.0,1.0,1.0,1.0,1.0,,,,,,,,,,,,,,,,,,,,,,,,,,,,,,,,,1.0,,,
,,,,,1.0,1.0,1.0,1.0,1.0,,,,,,,,,,,,,,,,,,,,,,,,,,,,,,,,,1.0,,,
,,,,,1.0,1.0,1.0,1.0,1.0,,,,,,,,,,,,,,,,,,,,,,,,,,,,,,,,,1.0,,,
,,,,,1.0,1.0,1.0,1.0,1.0,,,,,,,,,,,,,,,,,,,,,,,,,,,,,,,,,1.0,,,
,,,,,1.0,1.0,1.0,1.0,1.0,,,,,,,,,,,,,,,,,,,,,,,,,,,,,,,,,1.0,,,
0.39172154695210404,0.032563595067012605,0.0018693321617361295,0.002017969332851643,0.3769740703244137,,,,,,1.0,0.03332131495608951,0.005334161546052974,0.0022501648074798168,0.9558298848140775,0.27663274934251747,0.033086641258225497,-0.05606787264451224,-0.027182820395312658,0.27642772046049313,0.1734140906898117,0.13161010897654485,0.2584864791150195,0.1347516315975487,0.030269149153940054,0.030381319769459802,0.03374617094702358,0.030711851960392757,0.0026347908483090876,0.014312219713537744,0.016118826191149474,0.013229060542483045,0.0029720081441627698,0.0068675329832056636,0.007208079865764489,0.006627369229048542,0.15544644118281759,0.12955225919887575,0.2443782016687305,0.13725400496344523,-0.032149380302486236,-0.028366389478247277,,-0.0019258099522424677,0.018945526343848135,-0.028540741716893216
-0.001460301512600893,0.48381029067918996,0.19988035284459812,0.09022766062251138,0.022595802586925774,,,,,,0.03332131495608951,1.0,0.19932443174247838,0.08752351351200936,0.04994127885698698,-0.0627084019381906,0.21038223035935877,0.06362151636456712,-0.014965733452145033,-0.06044693268005665,0.12693927114545211,0.11104502548023608,0.0739736876126437,0.08728317999252103,0.44414823195960873,0.35755171983420025,0.36618389494229325,0.35903803651454647,0.20396405187628774,0.17411181259022201,0.17206072926402433,0.17369156544841655,0.08858120957866558,0.06609896858195442,0.06551032165074565,0.06510339724580565,0.14461469967574575,0.12406097728902513,0.0947131616111001,0.10031796656182208,-0.03872714535792567,-0.009648506518067616,,0.12733607149594572,0.11911743261059007,0.06918167714378258
-0.0725687063870748,0.1986177397056455,0.5746932850125138,0.10010860490876396,-0.04548762527380106,,,,,,0.005334161546052974,0.19932443174247838,1.0,0.09773142509539648,0.02478453332219596,-0.15407869922921713,0.0102443555633286,0.2373060510287915,-0.007957668195490855,-0.152564752887231,0.14882539931923378,0.14077386702772168,0.051081576919070816,0.10083542676255484,0.20288223153213047,0.17478678979971862,0.17172688938480213,0.1729518547978838,0.5366072066287161,0.4611969372907843,0.46251527469551607,0.4632888454905794,0.09915929967882031,0.07460959445527537,0.07220528986955442,0.0731912582052707,0.1713907391681904,0.1495622399312464,0.07647798538086993,0.11112355103506714,-0.005953553080292482,-0.010173211271253564,,0.019194254695231283,0.012651200643266204,0.11372181104406172
-0.027013595726750137,0.08652969660710877,0.09933887718767342,0.337109331626184,-0.009621366687231205,,,,,,0.0022501648074798168,0.08752351351200936,0.09773142509539648,1.0,0.013638994527152141,-0.06250285372133017,-0.014773772459382082,0.0038391716890034053,0.04680391286722277,-0.061368739676928366,0.06797248722735749,0.06230739407993055,0.021965060737709305,0.034837984035181124,0.09375263469342135,0.07366546366356602,0.07463421431477693,0.07280570126414036,0.106484620137379,0.08943802769838205,0.08695273595177164,0.08853707659161927,0.32842519792964703,0.2346252612284712,0.23365526578758253,0.2330260937604619,0.08594747147001339,0.07301272361854665,0.038008988922274875,0.04652122034463779,0.029493866301905522,0.05327141048515602,,0.003866178429127993,-0.0066527369397468,8.246040065274243e-05
0.3739197362016891,0.049176679023210226,0.021331006686224983,0.013682501163181886,0.3788010592142134,,,,,,0.9558298848140775,0.04994127885698698,0.02478453332219596,0.013638994527152141,1.0,0.25920743978626704,0.03642560660650337,-0.05350675480832948,-0.024442068315994204,0.2598768586661769,0.17714657503580558,0.1377313271524468,0.2544439114403157,0.13668322674036323,0.046448381909858893,0.04381224329149411,0.047285641333553716,0.04426061126951685,0.02255827091677607,0.03134770270158769,0.033017574656551314,0.0301597578673567,0.014402681183220347,0.014525645335234394,0.015062109914105741,0.014353555397308232,0.16528581027296613,0.13808876079569146,0.24660912492564,0.1415397490937055,-0.029866109333121962,-0.025824931403346504,,0.0002666043325110263,0.021290473116691827,-0.030640182379036967
0.6661580047625572,-0.06094249901161994,-0.15330884778056297,-0.0639011242242986,0.6382762822147794,,,,,,0.27663274934251747,-0.0627084019381906,-0.15407869922921713,-0.06250285372133017,0.25920743978626704,1.0,0.1186326435035811,-0.08455038173190492,-0.06044476712432205,0.9834431669359418,-0.03860798493014452,-0.024982931010081446,0.2326901320941821,0.0562137885477318,-0.07350927628776592,-0.06752017958119334,-0.06314565969239844,-0.06670981242787784,-0.1740671923684755,-0.15184631881845592,-0.14730026189552006,-0.14891314360647478,-0.061757904311835726,-0.045761932002295516,-0.047670128428954496,-0.046428512193790725,-0.06018292089562785,-0.015666837610528842,0.20693024598640422,0.057483501394382804,-0.05262397169041906,-0.05798375916141791,,0.06291790497828016,0.06338403359964635,-0.02486431851530096
0.09870143065491174,0.2155567631617741,0.012032877027138277,-0.01402556631427274,0.10411535960490441,,,,,,0.033086641258225497,0.21038223035935877,0.0102443555633286,-0.014773772459382082,0.03642560660650337,0.1186326435035811,1.0,0.0740818662070489,-0.02251826505748872,0.12220329644790587,0.02873138976583736,0.034185665076782855,0.07533696356510763,0.05331826868903057,0.17297460438106124,0.12593121729646523,0.1435348596355638,0.13041433359168125,0.004157968841126358,-0.007811359459898209,-0.005863238184740571,-0.005427939638350945,-0.014150353089956443,-0.013232794084673568,-0.014852072454225517,-0.013631670756734264,0.029935562833316283,0.04459618685135071,0.07930450310943543,0.059364530126230414,-0.07353451748377118,-0.025914218929553454,,0.39327982877531,0.40038037378559965,0.10894807988122601
-0.07197428974612531,0.06377926432441652,0.2553409759249274,0.004357094402562843,-0.0698094427874653,,,,,,-0.05606787264451224,0.06362151636456712,0.2373060510287915,0.0038391716890034053,-0.05350675480832948,-0.08455038173190492,0.0740818662070489,1.0,-0.010270209790255424,-0.08156138213931348,0.06416739915135296,0.04043388485112625,0.003778136673291079,0.033059166456043926,0.056467963400569365,0.04702705056201921,0.05058623622656448,0.04620505698986808,0.19197931697931697,0.1567751780051035,0.16950140782545164,0.16175544152527468,0.0036508073888118497,-0.000662195320129696,-0.002383465804054999,-0.0021662586529009745,0.06734196733593326,0.04613524732563838,0.010227558694118684,0.03918140757631838,0.012559172281449574,-0.009720013094072782,,0.09836126329406146,0.08719193845954347,0.3263950574256793
-0.03881283876938558,-0.015186179641650073,-0.008985639181771725,0.05028492710970367,-0.03456621730768228,,,,,,-0.027182820395312658,-0.014965733452145033,-0.007957668195490855,0.04680391286722277,-0.024442068315994204,-0.06044476712432205,-0.02251826505748872,-0.010270209790255424,1.0,-0.05709628246002966,0.014944681639721142,-0.004379718775778035,-0.026487528890507234,-0.023900842838427847,-0.012381568077605876,-0.010796311202580407,-0.019085102247696537,-0.012353369728859136,-0.01199205414825749,-0.019842275001126928,-0.02111959371994659,-0.01840499020763887,0.04245455302094024,0.008569832740975093,0.010229241855288403,0.00816400365699819,0.01775972445709338,-0.007493891227841871,-0.022607319763992422,-0.02253867977558926,0.44112772913154824,0.636396566571796,,-0.047509674878733754,-0.03822333262201021,-0.05096521908910292
0.6654537937546935,-0.05862937009810587,-0.1516589310979769,-0.06270425409496416,0.6394096301546046,,,,,,0.27642772046049313,-0.06044693268005665,-0.152564752887231,-0.061368739676928366,0.2598768586661769,0.9834431669359418,0.12220329644790587,-0.08156138213931348,-0.05709628246002966,1.0,-0.03897467275307131,-0.025178143800479502,0.2318212681023766,0.05584344685326499,-0.07175159131180821,-0.06599928716338628,-0.06142147694887822,-0.06506915508232486,-0.1728646135321051,-0.15093764414217914,-0.14634641005214238,-0.1478855231415687,-0.06067564698390214,-0.04508259090374837,-0.04690463462037669,-0.04573747425302457,-0.060023063427401775,-0.015684689676754543,0.20692790060695168,0.057443299163163174,-0.05006628896850924,-0.0552367807413092,,0.06476448699980747,0.0654429001246461,-0.025063163487010053
0.12985980475951667,0.12550026972022743,0.14446797610664688,0.06942914870071308,0.1330446722205809,,,,,,0.1734140906898117,0.12693927114545211,0.14882539931923378,0.06797248722735749,0.17714657503580558,-0.03860798493014452,0.02873138976583736,0.06416739915135296,0.014944681639721142,-0.03897467275307131,1.0,0.6433422858915608,0.5435008231390905,0.5762479024917747,0.13215231726069676,0.1257388501710187,0.127185825811819,0.12696266352573884,0.1430668793074253,0.14379827826034985,0.14496847374664823,0.1423815059913474,0.06800295899098033,0.060575967735127224,0.06032679946676123,0.06073054586310455,0.9173989771122053,0.6383756436532574,0.5561659937732472,0.5781680814443254,-0.00028560467613148333,0.017271326995758014,,0.03296370365808338,0.022073631602126418,0.07881389701076183
0.13490923969893032,0.11019395140780647,0.13882842298191378,0.06377692289316349,0.14277104381947808,,,,,,0.13161010897654485,0.11104502548023608,0.14077386702772168,0.06230739407993055,0.1377313271524468,-0.024982931010081446,0.034185665076782855,0.04043388485112625,-0.004379718775778035,-0.025178143800479502,0.6433422858915608,1.0,0.6256604723097194,0.7885958136106487,0.11529944100499989,0.1124518045516275,0.11047614093203864,0.11446851389876547,0.13963869727942682,0.14258445740928766,0.13888347875112905,0.14272964134308738,0.06282209270551861,0.057012612113257616,0.05615565286417343,0.056779100201971425,0.6434810585609161,0.9127742662770955,0.6468013650711912,0.7763171882021834,-0.01601456734796095,0.0012164784010676047,,0.03147021163080911,0.024911376454412507,0.04362606773084347
0.3703532312807158,0.07389065729540477,0.0484770931843588,0.022195215486322525,0.36506812189738835,,,,,,0.2584864791150195,0.0739736876126437,0.051081576919070816,0.021965060737709305,0.2544439114403157,0.2326901320941821,0.07533696356510763,0.003778136673291079,-0.026487528890507234,0.2318212681023766,0.5435008231390905,0.6256604723097194,1.0,0.6205859631059542,0.07452523559712378,0.07483401438118215,0.07675628305798331,0.07741873248006036,0.04138134483254397,0.054054133957184655,0.05507708951658219,0.05454568678492391,0.022446948608961785,0.02629070226268726,0.02534783697624913,0.025710420245276654,0.5208824453717991,0.631009499137495,0.9352809446773067,0.621792193550521,-0.036854110702382495,-0.021779691506310515,,0.051982849975331265,0.04677875966164062,0.038053383559804935
0.1906927742278768,0.08717536537897311,0.1006957842065139,0.03612410399114888,0.1934850940577328,,,,,,0.1347516315975487,0.08728317999252103,0.10083542676255484,0.034837984035181124,0.13668322674036323,0.0562137885477318,0.05331826868903057,0.033059166456043926,-0.023900842838427847,0.05584344685326499,0.5762479024917747,0.7885958136106487,0.6205859631059542,1.0,0.089105669374676,0.08878843148105434,0.08789911016359397,0.09083354987091993,0.0966867200523643,0.10261773494151356,0.09991312317946192,0.10366951746695231,0.03561118945917327,0.03592346664234684,0.034536830735249026,0.03588897432908119,0.5684211657274783,0.7816928853227518,0.6308072121033462,0.9216571268492589,-0.03591598421384092,-0.021995065566699654,,0.042312930633697766,0.03960654007351265,0.0576251734064184
-0.009147581776862862,0.442008911844268,0.20214636449667722,0.0963929006904913,0.014450039587000913,,,,,,0.030269149153940054,0.44414823195960873,0.20288223153213047,0.09375263469342135,0.046448381909858893,-0.07350927628776592,0.17297460438106124,0.056467963400569365,-0.012381568077605876,-0.07175159131180821,0.13215231726069676,0.11529944100499989,0.07452523559712378,0.089105669374676,1.0,0.3732057227396057,0.3622216484746396,0.3713324454600465,0.21386356206668222,0.18139400059406147,0.17818685015163463,0.18027936907699021,0.09479244716985474,0.0714987644079394,0.07117749108739281,0.07053730876490655,0.14985892621900165,0.1284318725581112,0.09544443384086601,0.10248801162286889,-0.03655668652679005,-0.005337078668692217,,0.11780050814796676,0.10819124196251143,0.06587138647852697
-0.01656962093455829,0.35582144614237554,0.17233291601778014,0.07552943786395476,0.00227794254495563,,,,,,0.030381319769459802,0.35755171983420025,0.17478678979971862,0.07366546366356602,0.04381224329149411,-0.06752017958119334,0.12593121729646523,0.04702705056201921,-0.010796311202580407,-0.06599928716338628,0.1257388501710187,0.1124518045516275,0.07483401438118215,0.08878843148105434,0.3732057227396057,1.0,0.36976560373355627,0.3940962486008247,0.1805063562164429,0.17759458885224433,0.1738930530122823,0.17674487815298479,0.07415769662721125,0.06270828791975784,0.06212421043906693,0.062169395150913964,0.14096768146246597,0.12296621171709043,0.09349396505155005,0.10027892224165043,-0.025008779226932072,-0.005899325333416418,,0.07618333564431175,0.06790103637006821,0.05016402059010195
-0.014421993735201576,0.3615075643153003,0.16761625219553655,0.07633262950419752,0.0037779829740234787,,,,,,0.03374617094702358,0.36618389494229325,0.17172688938480213,0.07463421431477693,0.047285641333553716,-0.06314565969239844,0.1435348596355638,0.05058623622656448,-0.019085102247696537,-0.06142147694887822,0.127185825811819,0.11047614093203864,0.07675628305798331,0.08789911016359397,0.3622216484746396,0.36976560373355627,1.0,0.3730812282543572,0.17724646093928673,0.1735173490451728,0.17523645140524477,0.17229844356851387,0.07523487034061559,0.06466608147661396,0.06387070826476132,0.063945042859116,0.14220283184761406,0.120750167246444,0.0951119017318694,0.09890990252111007,-0.030703556470833386,-0.01496010021901904,,0.08582402202201146,0.07810899264224298,0.05914209664896202
-0.014917253082561359,0.35807667790787556,0.17073853674229983,0.07463262018549889,0.004293265073376508,,,,,,0.030711851960392757,0.35903803651454647,0.1729518547978838,0.07280570126414036,0.04426061126951685,-0.06670981242787784,0.13041433359168125,0.04620505698986808,-0.012353369728859136,-0.06506915508232486,0.12696266352573884,0.11446851389876547,0.07741873248006036,0.09083354987091993,0.3713324454600465,0.3940962486008247,0.3730812282543572,1.0,0.1780813439889354,0.1757919891732306,0.1724111361157376,0.17603361476109552,0.07334840729682651,0.061665135494524445,0.06185590755407452,0.06193287614530875,0.14178117896663583,0.12499829250264863,0.09609160540152148,0.1025021523088208,-0.026757039841177683,-0.006696957857239084,,0.07902774739346921,0.07014961054976755,0.05204307573872278
-0.09124995171097076,0.2027708227169416,0.5313686106907668,0.1087040625387387,-0.06363958529102769,,,,,,0.0026347908483090876,0.20396405187628774,0.5366072066287161,0.106484620137379,0.02255827091677607,-0.1740671923684755,0.004157968841126358,0.19197931697931697,-0.01199205414825749,-0.1728646135321051,0.1430668793074253,0.13963869727942682,0.04138134483254397,0.0966867200523643,0.21386356206668222,0.1805063562164429,0.17724646093928673,0.1780813439889354,1.0,0.46689081931355036,0.4534189815192685,0.462607970223006,0.10801249726652865,0.08195999826040919,0.07979508013418006,0.08073302754457187,0.16648512895131448,0.1471758996830872,0.06737550006825187,0.10606040811824247,-0.01128571377687568,-0.014317509787537762,,0.01773371047408437,0.009336957895968799,0.10606755791035948
-0.08011173444941448,0.17263244700151742,0.45285711558939484,0.09114509215193914,-0.057080003512509574,,,,,,0.014312219713537744,0.17411181259022201,0.4611969372907843,0.08943802769838205,0.03134770270158769,-0.15184631881845592,-0.007811359459898209,0.1567751780051035,-0.019842275001126928,-0.15093764414217914,0.14379827826034985,0.14258445740928766,0.054054133957184655,0.10261773494151356,0.18139400059406147,0.17759458885224433,0.1735173490451728,0.1757919891732306,0.46689081931355036,1.0,0.4874375070422019,0.5072500482912309,0.09076409708052163,0.07840617734742038,0.07654495843462276,0.07727673222426051,0.1648113456398215,0.14929507814550783,0.07798286157960056,0.111699705599311,-0.010896012063322918,-0.024655827487187785,,-0.001106455115629244,-0.008355282914226277,0.08425750589122274
-0.07710134912903004,0.1701838348628526,0.45000605295435875,0.08847865022231254,-0.05483753604494722,,,,,,0.016118826191149474,0.17206072926402433,0.46251527469551607,0.08695273595177164,0.033017574656551314,-0.14730026189552006,-0.005863238184740571,0.16950140782545164,-0.02111959371994659,-0.14634641005214238,0.14496847374664823,0.13888347875112905,0.05507708951658219,0.09991312317946192,0.17818685015163463,0.1738930530122823,0.17523645140524477,0.1724111361157376,0.4534189815192685,0.4874375070422019,1.0,0.48520195455093107,0.08828851494647605,0.07712905145730352,0.07504020131482553,0.0758899851130978,0.16563729746611575,0.14556712275885667,0.07855219781421625,0.10915659632669233,-0.009270873608522502,-0.024885897966185233,,-0.0014550450811397157,-0.007956869225433557,0.08660985129383515
-0.07720344531289018,0.17261459607709365,0.45835617331451123,0.09031835005066984,-0.05384938847356513,,,,,,0.013229060542483045,0.17369156544841655,0.4632888454905794,0.08853707659161927,0.0301597578673567,-0.14891314360647478,-0.005427939638350945,0.16175544152527468,-0.01840499020763887,-0.1478855231415687,0.1423815059913474,0.14272964134308738,0.05454568678492391,0.10366951746695231,0.18027936907699021,0.17674487815298479,0.17229844356851387,0.17603361476109552,0.462607970223006,0.5072500482912309,0.48520195455093107,1.0,0.08982605968651568,0.0777543625388595,0.07574032618109294,0.07650086585902288,0.16340948860977628,0.1498991866058995,0.07858560615741918,0.11311798269366043,-0.009954040677366329,-0.02359965652918063,,-0.0004289988287619064,-0.007278091370969058,0.08489562099621309
-0.026515801844489904,0.08767463429171772,0.10087239316111016,0.33274967488739704,-0.009154153093507904,,,,,,0.0029720081441627698,0.08858120957866558,0.09915929967882031,0.32842519792964703,0.014402681183220347,-0.061757904311835726,-0.014150353089956443,0.0036508073888118497,0.04245455302094024,-0.06067564698390214,0.06800295899098033,0.06282209270551861,0.022446948608961785,0.03561118945917327,0.09479244716985474,0.07415769662721125,0.07523487034061559,0.07334840729682651,0.10801249726652865,0.09076409708052163,0.08828851494647605,0.08982605968651568,1.0,0.2385640541122513,0.23644416316132225,0.23710846503183067,0.08626330238004626,0.07372459477199102,0.03858557364056167,0.04733392167860423,0.02607441390604412,0.049196403323418354,,0.004432469816068657,-0.00613241393764595,0.0003691975051867798
-0.021115593924240977,0.06520845222055961,0.07453182691178237,0.2382071264342848,-0.010542265059537865,,,,,,0.0068675329832056636,0.06609896858195442,0.07460959445527537,0.2346252612284712,0.014525645335234394,-0.045761932002295516,-0.013232794084673568,-0.000662195320129696,0.008569832740975093,-0.04508259090374837,0.060575967735127224,0.057012612113257616,0.02629070226268726,0.03592346664234684,0.0714987644079394,0.06270828791975784,0.06466608147661396,0.061665135494524445,0.08195999826040919,0.07840617734742038,0.07712905145730352,0.0777543625388595,0.2385640541122513,1.0,0.2440717098636629,0.24507194413723196,0.07375865623371129,0.06513004870180454,0.03858892905601912,0.045422883281861996,0.005232791458946306,0.016392624244605622,,-0.001087288454458402,-0.00929285891726865,0.003926558938134471
-0.023015727403945672,0.06463516184585187,0.07203574799067752,0.23677411830820252,-0.012201133812344696,,,,,,0.007208079865764489,0.06551032165074565,0.07220528986955442,0.23365526578758253,0.015062109914105741,-0.047670128428954496,-0.014852072454225517,-0.002383465804054999,0.010229241855288403,-0.04690463462037669,0.06032679946676123,0.05615565286417343,0.02534783697624913,0.034536830735249026,0.07117749108739281,0.06212421043906693,0.06387070826476132,0.06185590755407452,0.07979508013418006,0.07654495843462276,0.07504020131482553,0.07574032618109294,0.23644416316132225,0.2440717098636629,1.0,0.2472316553703708,0.07343616079512175,0.06406570948590291,0.03748683574321802,0.043945729485801374,0.005700644272549405,0.018034420518880018,,-0.002113614228132757,-0.009479408759784409,0.0028694063459067842
-0.022212194419939803,0.0642901460850312,0.07303106376817722,0.23682291785764017,-0.011470743345466784,,,,,,0.006627369229048542,0.06510339724580565,0.0731912582052707,0.2330260937604619,0.014353555397308232,-0.046428512193790725,-0.013631670756734264,-0.0021662586529009745,0.00816400365699819,-0.04573747425302457,0.06073054586310455,0.056779100201971425,0.025710420245276654,0.03588897432908119,0.07053730876490655,0.062169395150913964,0.063945042859116,0.06193287614530875,0.08073302754457187,0.07727673222426051,0.0758899851130978,0.07650086585902288,0.23710846503183067,0.24507194413723196,0.2472316553703708,1.0,0.07344469314302858,0.06470789059029496,0.037860067390635375,0.04513427754163943,0.0033828831493363906,0.016108610998559703,,-0.0011637442670324218,-0.009243700068661419,0.003636925412823933
0.10834945475851225,0.1428293679008548,0.16716235493551387,0.08765104441220363,0.1198867703157373,,,,,,0.15544644118281759,0.14461469967574575,0.1713907391681904,0.08594747147001339,0.16528581027296613,-0.06018292089562785,0.029935562833316283,0.06734196733593326,0.01775972445709338,-0.060023063427401775,0.9173989771122053,0.6434810585609161,0.5208824453717991,0.5684211657274783,0.14985892621900165,0.14096768146246597,0.14220283184761406,0.14178117896663583,0.16648512895131448,0.1648113456398215,0.16563729746611575,0.16340948860977628,0.08626330238004626,0.07375865623371129,0.07343616079512175,0.07344469314302858,1.0,0.6563270626234033,0.5472375998578969,0.5838369959189103,0.002371931455682309,0.020161998528565157,,0.03410838306110143,0.022972243901869464,0.07205510065080042
0.14180763211900083,0.12343850187356034,0.14828593075903318,0.07486058173856514,0.15373090749439797,,,,,,0.12955225919887575,0.12406097728902513,0.1495622399312464,0.07301272361854665,0.13808876079569146,-0.015666837610528842,0.04459618685135071,0.04613524732563838,-0.007493891227841871,-0.015684689676754543,0.6383756436532574,0.9127742662770955,0.631009499137495,0.7816928853227518,0.1284318725581112,0.12296621171709043,0.120750167246444,0.12499829250264863,0.1471758996830872,0.14929507814550783,0.14556712275885667,0.1498991866058995,0.07372459477199102,0.06513004870180454,0.06406570948590291,0.06470789059029496,0.6563270626234033,1.0,0.6629438596429468,0.8030007433634054,-0.0203539470512662,-0.0011776983735337406,,0.03849373595338222,0.03220465548332695,0.05009813748275171
0.3475451450413476,0.0946084791696073,0.07390986491364122,0.038603351424938565,0.35105464854072244,,,,,,0.2443782016687305,0.0947131616111001,0.07647798538086993,0.038008988922274875,0.24660912492564,0.20693024598640422,0.07930450310943543,0.010227558694118684,-0.022607319763992422,0.20692790060695168,0.5561659937732472,0.6468013650711912,0.9352809446773067,0.6308072121033462,0.09544443384086601,0.09349396505155005,0.0951119017318694,0.09609160540152148,0.06737550006825187,0.07798286157960056,0.07855219781421625,0.07858560615741918,0.03858557364056167,0.03858892905601912,0.03748683574321802,0.037860067390635375,0.5472375998578969,0.6629438596429468,1.0,0.6425297941019097,-0.03419591951397207,-0.0186380400515351,,0.052613334312861484,0.046891479697518904,0.035234379213589774
0.19167062277459299,0.10033049413127189,0.11113476613043893,0.048168120695306633,0.1979548229561337,,,,,,0.13725400496344523,0.10031796656182208,0.11112355103506714,0.04652122034463779,0.1415397490937055,0.057483501394382804,0.059364530126230414,0.03918140757631838,-0.02253867977558926,0.057443299163163174,0.5781680814443254,0.7763171882021834,0.621792193550521,0.9216571268492589,0.10248801162286889,0.10027892224165043,0.09890990252111007,0.1025021523088208,0.10606040811824247,0.111699705599311,0.10915659632669233,0.11311798269366043,0.04733392167860423,0.045422883281861996,0.043945729485801374,0.04513427754163943,0.5838369959189103,0.8030007433634054,0.6425297941019097,1.0,-0.038275583517073594,-0.019850405837583098,,0.04709894891297034,0.0435143520767834,0.06202836642060416
-0.03788534066981057,-0.03882358108123852,-0.005914221203772978,0.030147238821086664,-0.033467297213466314,,,,,,-0.032149380302486236,-0.03872714535792567,-0.005953553080292482,0.029493866301905522,-0.029866109333121962,-0.05262397169041906,-0.07353451748377118,0.012559172281449574,0.44112772913154824,-0.05006628896850924,-0.00028560467613148333,-0.01601456734796095,-0.036854110702382495,-0.03591598421384092,-0.03655668652679005,-0.025008779226932072,-0.030703556470833386,-0.026757039841177683,-0.01128571377687568,-0.010896012063322918,-0.009270873608522502,-0.009954040677366329,0.02607441390604412,0.005232791458946306,0.005700644272549405,0.0033828831493363906,0.002371931455682309,-0.0203539470512662,-0.03419591951397207,-0.038275583517073594,1.0,0.40718016150986447,,-0.09045323381941363,-0.07763292180168069,-0.0716887673595138
-0.03613326995359539,-0.009429604621935731,-0.011308213546933904,0.05617395309077813,-0.03252656178428754,,,,,,-0.028366389478247277,-0.009648506518067616,-0.010173211271253564,0.05327141048515602,-0.025824931403346504,-0.05798375916141791,-0.025914218929553454,-0.009720013094072782,0.636396566571796,-0.0552367807413092,0.017271326995758014,0.0012164784010676047,-0.021779691506310515,-0.021995065566699654,-0.005337078668692217,-0.005899325333416418,-0.01496010021901904,-0.006696957857239084,-0.014317509787537762,-0.024655827487187785,-0.024885897966185233,-0.02359965652918063,0.049196403323418354,0.016392624244605622,0.018034420518880018,0.016108610998559703,0.020161998528565157,-0.0011776983735337406,-0.0186380400515351,-0.019850405837583098,0.40718016150986447,1.0,,-0.033564182834166935,-0.03805143435559952,-0.05281446139994908
,,,,,1.0,1.0,1.0,1.0,1.0,,,,,,,,,,,,,,,,,,,,,,,,,,,,,,,,,1.0,,,
0.05038534886729578,0.1279325347564948,0.020876397408162484,0.004552062277956202,0.053572265474276,,,,,,-0.0019258099522424677,0.12733607149594572,0.019194254695231283,0.003866178429127993,0.0002666043325110263,0.06291790497828016,0.39327982877531,0.09836126329406146,-0.047509674878733754,0.06476448699980747,0.03296370365808338,0.03147021163080911,0.051982849975331265,0.042312930633697766,0.11780050814796676,0.07618333564431175,0.08582402202201146,0.07902774739346921,0.01773371047408437,-0.001106455115629244,-0.0014550450811397157,-0.0004289988287619064,0.004432469816068657,-0.001087288454458402,-0.002113614228132757,-0.0011637442670324218,0.03410838306110143,0.03849373595338222,0.052613334312861484,0.04709894891297034,-0.09045323381941363,-0.033564182834166935,,1.0,0.5824624773697255,0.2100761233512375
0.05464720910390851,0.11928658850161805,0.014999428988232743,-0.0063017924355213825,0.058353329009664556,,,,,,0.018945526343848135,0.11911743261059007,0.012651200643266204,-0.0066527369397468,0.021290473116691827,0.06338403359964635,0.40038037378559965,0.08719193845954347,-0.03822333262201021,0.0654429001246461,0.022073631602126418,0.024911376454412507,0.04677875966164062,0.03960654007351265,0.10819124196251143,0.06790103637006821,0.07810899264224298,0.07014961054976755,0.009336957895968799,-0.008355282914226277,-0.007956869225433557,-0.007278091370969058,-0.00613241393764595,-0.00929285891726865,-0.009479408759784409,-0.009243700068661419,0.022972243901869464,0.03220465548332695,0.046891479697518904,0.0435143520767834,-0.07763292180168069,-0.03805143435559952,,0.5824624773697255,1.0,0.18421400268152943
-0.02688402239900874,0.06881573138196273,0.11770401545012217,-5.28014003944803e-05,-0.03322262691997533,,,,,,-0.028540741716893216,0.06918167714378258,0.11372181104406172,8.246040065274243e-05,-0.030640182379036967,-0.02486431851530096,0.10894807988122601,0.3263950574256793,-0.05096521908910292,-0.025063163487010053,0.07881389701076183,0.04362606773084347,0.038053383559804935,0.0576251734064184,0.06587138647852697,0.05016402059010195,0.05914209664896202,0.05204307573872278,0.10606755791035948,0.08425750589122274,0.08660985129383515,0.08489562099621309,0.0003691975051867798,0.003926558938134471,0.0028694063459067842,0.003636925412823933,0.07205510065080042,0.05009813748275171,0.035234379213589774,0.06202836642060416,-0.0716887673595138,-0.05281446139994908,,0.2100761233512375,0.18421400268152943,1.0
