1.0,0.8126912457149681,0.7199939530004149,0.7287791377351989,0.10579391889826244,0.13969726524250042,0.10401854707016206,0.7272523744649775,0.8007277458584164,0.7289606704126891,0.757498914930595,0.757498935109861,0.02406480392103803,0.06879557762182514,0.07189616221072351,0.27003901915351763,0.28353983603644084,0.2879509227011783,0.28856822662926895,0.12384838896064837,0.14475366465662207,0.10942957690605043,0.2747315056834842,0.25961023319801557,0.17572498382137433,0.2717038489621325,0.27249923491321687,-0.05340963388269246,-0.06445182916793528,-0.050403104852907256,0.43797105293162336,0.45771612172538484,0.5202497703993018,0.5223352168297049,0.11944244800875663,0.14447042847818134,0.108298125457976,0.5025434128557447,0.4271240920455266,0.36427831048416875,0.49373375067122793,0.493733770850494,0.010332833545379078,0.003232274479216427,0.026666153467572187
0.8126912457149681,1.0,0.6836055736279044,0.692420788137478,0.10124744973931032,0.13356986480226715,0.09956087515717277,0.691668957719639,0.7566114612798972,0.6945577058218244,0.72143481374039,0.7214348328097964,0.02242531684908461,0.06524376204301122,0.06817511119915728,0.25429780016417125,0.2686890998074208,0.27201383174877464,0.2726543159024793,0.11852364546464679,0.13845941316571433,0.10493238369868682,0.25950767641679967,0.24427471038202778,0.16654534982717126,0.25831006048488814,0.2590614713757858,-0.05156403730063072,-0.0621185914399287,-0.048730304435990704,0.41296592144516026,0.4343090113406305,0.49310308060267605,0.49517573438735935,0.11426868880831792,0.1381734864857296,0.1037942452454249,0.47643556126112196,0.4025178127325446,0.34639996303804194,0.4704669705349339,0.4704669705349339,0.009361648350774212,0.002587623105277398,0.02495481640356879
0.7199939530004149,0.6836055736279044,1.0,0.8775060918908588,0.08948891509875743,0.11880026073941015,0.08836717852591554,0.8090556331417339,0.6620592591677411,0.6867082140221797,0.738543455700196,0.7385434740487657,0.02832844859394279,0.06975918883576346,0.07268395085536601,0.21658797407006164,0.22481476840791176,0.2588484662370438,0.25923435500764763,0.10445494733731318,0.1228242323998749,0.09445259943358288,0.2533389962411843,0.21057631497197987,0.16668033429160387,0.2375748959269217,0.23831428824250464,-0.03897731628219019,-0.04947038626461297,-0.03619156302708268,0.35903222757423686,0.36989582692759954,0.5189120114606754,0.5202868697927258,0.09977793311546172,0.12183489026201184,0.09332584456554668,0.5090976917707818,0.35456493634534963,0.37642876179605256,0.4449832752842815,0.444983311981421,0.023561086501990628,0.016054998539223556,0.0382634284785724
0.7287791377351989,0.692420788137478,0.8775060918908588,1.0,0.09107678118661335,0.1206987814393304,0.08992611561794552,0.8079558133075512,0.6660370762051072,0.688366324973838,0.7407375109487895,0.7407375291962016,0.027657511365195377,0.0693336153653356,0.07224283677991823,0.21906863408403832,0.22666805821431754,0.2591540173096594,0.2595695473792369,0.10617605654242343,0.1247355202331571,0.09599127884868883,0.2532458519549315,0.21141869587697806,0.1663540656871985,0.2387014601387608,0.23943714105458527,-0.04000712269486031,-0.0505225771444247,-0.03721187461659336,0.36273489954875643,0.372546921692134,0.5170339273130578,0.5187009561452371,0.10148863673788969,0.12377211825354101,0.09485762382476048,0.5068484408174794,0.35567757235114883,0.3745220763259507,0.4469444858888793,0.44694452238370364,0.022422292323305497,0.01497590661879531,0.03718740483689446
0.10579391889826244,0.10124744973931032,0.08948891509875743,0.09107678118661335,1.0,0.9072408359260504,0.9920209481168544,0.10272616309249402,0.1081523608178552,0.11501781298478543,0.10660440124656274,0.10660438279694806,-0.8298841475990922,-0.7879934487747517,-0.7870207850885639,0.1587865753175389,0.1890424640004214,0.1504971415588204,0.1514403781095859,0.8571196532930881,0.8849245878947187,0.8237787273091065,0.1612609419598259,0.16418848991879642,0.17551160883858932,0.2149155578980109,0.21449079241912045,-0.7218742916050632,-0.7434817792386598,-0.7220530499217451,0.17566918608692542,0.21487465510225445,0.1368679684003325,0.13860774861550387,0.8551248440541274,0.887482811466927,0.8223544170554322,0.15315927336093396,0.18436271923559658,0.18464081027774207,0.2526318469037459,0.2523716519878448,-0.7328069244300502,-0.7458479238723835,-0.7236249755425134
0.13969726524250042,0.13356986480226715,0.11880026073941015,0.1206987814393304,0.9072408359260504,1.0,0.908536146473848,0.12697120764144387,0.1316243296122784,0.13353753620548783,0.12921388745369625,0.12921386900408155,-0.8357630066207474,-0.7927033402099717,-0.791321390271614,0.18304974388484865,0.21759966319121415,0.1742197299191233,0.1752913757880957,0.8151712809732427,0.9062897582890439,0.7732555644713895,0.17793234588216567,0.18115106566009329,0.1734117474936128,0.2330397582790984,0.23270609699752198,-0.7327589738814841,-0.75748496298604,-0.7326136831658405,0.20612569044005483,0.25078878574556845,0.1680040916310099,0.16994478815009983,0.8061511536561071,0.8982029969788173,0.7674736028260594,0.17546799394947424,0.20531911996696306,0.18318439769451608,0.275187312639082,0.2749176715204622,-0.737657992316839,-0.7540334275204036,-0.727464045164606
0.10401854707016206,0.09956087515717277,0.08836717852591554,0.08992611561794552,0.9920209481168544,0.908536146473848,1.0,0.10157284077931156,0.10682258638982638,0.1139767381273459,0.10533765070229753,0.10533763225268285,-0.8316485211506386,-0.7898552362918344,-0.7888062649993097,0.15703940839413688,0.18729668766047744,0.14884176833083246,0.14978419309855182,0.8523894672817148,0.8797861488095979,0.8190485412977331,0.1595612896565942,0.16237245744613238,0.17378944800544205,0.21313701504238655,0.21270453762455782,-0.721929345255283,-0.7433946970573471,-0.7220836762821221,0.17382284653180446,0.21310622263547746,0.13588235308463578,0.13761456895778634,0.850394658042754,0.8823443723818062,0.8176242310440588,0.15209532098128517,0.1823988684500771,0.1834061620630286,0.2510078380207223,0.25075081643854696,-0.732664714800059,-0.745687928813836,-0.723508004985411
0.7272523744649775,0.691668957719639,0.8090556331417339,0.8079558133075512,0.10272616309249402,0.12697120764144387,0.10157284077931156,1.0,0.7178104423191319,0.7665721812469046,0.8110967152845662,0.8110967334522182,0.030264655840955276,0.072141420837892,0.07495544479948603,0.20365411660259783,0.20930540407039577,0.2444545466676354,0.24474147322825196,0.1156849510517914,0.13220805697129395,0.10878671391956611,0.2546346318177085,0.20997280209654817,0.19737638772005692,0.2452878108607511,0.2460390614407415,-0.04098618669336174,-0.05107533791315215,-0.03839515249305045,0.3477354988234275,0.354499026548971,0.5068649985871059,0.5081310784020292,0.11129209779531676,0.13166534310572292,0.10775534355945085,0.5233541719121572,0.362232133237985,0.4318177832881981,0.4718082009726054,0.4718082373079095,0.023725354826157386,0.0169639906003314,0.03835449328775871
0.8007277458584164,0.7566114612798972,0.6620592591677411,0.6660370762051072,0.1081523608178552,0.1316243296122784,0.10682258638982638,0.7178104423191319,1.0,0.7906159914414645,0.7873092205595832,0.7873092023752256,0.03108608663047835,0.07130217553965788,0.07409063767602092,0.2209428311607007,0.22451152915484815,0.2401863784217863,0.24059678118913017,0.12322355586011488,0.1385538203917799,0.11541173070792272,0.25193583741704045,0.22943120373300688,0.2055629432546825,0.2537579464202479,0.2545107242730431,-0.04613651569752995,-0.055612820882930444,-0.04361509085295851,0.37401052812518026,0.37823396753760685,0.4690653232135803,0.4706015741148495,0.11884811903990279,0.1385039695329013,0.1145694319990983,0.4893623213282999,0.3939696906444408,0.42261181779385004,0.488788604845084,0.48878867758251454,0.015860924070963314,0.010042729741206863,0.030321016151925537
0.7289606704126891,0.6945577058218244,0.6867082140221797,0.688366324973838,0.11501781298478543,0.13353753620548783,0.1139767381273459,0.7665721812469046,0.7906159914414645,1.0,0.833129215722891,0.833129197555188,0.032446863385089314,0.07337800770031493,0.07601399605297454,0.19102708123348935,0.19477852522963032,0.224079550068018,0.22434522396793322,0.12439649011370738,0.13845528099974785,0.11998917235931979,0.24779823869127182,0.21052243620436972,0.22650076741676572,0.24916346889520422,0.24993357965445276,-0.042666777646374006,-0.0519578135925567,-0.04035210328762955,0.3359092411363888,0.3406470109136818,0.4722592438318567,0.47336949192333316,0.12031034325175452,0.13854944783309958,0.1193010386308024,0.5106129195636245,0.3712057763311882,0.47547242170449755,0.4935029221360881,0.49350295847149395,0.02249735721412652,0.016812919149322057,0.03677873413489946
0.757498914930595,0.72143481374039,0.738543455700196,0.7407375109487895,0.10660440124656274,0.12921388745369625,0.10533765070229753,0.8110967152845662,0.7873092205595832,0.833129215722891,1.0,0.8917428045771331,0.03579980139428123,0.07799353982303962,0.08077818703266312,0.2055391599855506,0.2110973269460177,0.23950194615972714,0.23983641592714405,0.12038441845471438,0.13554612730661816,0.11394513393739067,0.2544974356020707,0.21636354188476706,0.21071027711528337,0.2530817303787487,0.2538391167766322,-0.041332470061456135,-0.05120549019206641,-0.038872731061186404,0.3538335420913262,0.36106844288507306,0.49237084822666616,0.4937546523219677,0.11598617791075176,0.13544841814724695,0.11300254312313913,0.5172847541019573,0.37619272832633677,0.4493224918134466,0.4945565128473673,0.4945565491824388,0.02406506303768537,0.01778792509054523,0.03879926154661323
0.757498935109861,0.7214348328097964,0.7385434740487657,0.7407375291962016,0.10660438279694806,0.12921386900408155,0.10533763225268285,0.8110967334522182,0.7873092023752256,0.833129197555188,0.8917428045771331,1.0,0.03579982372906407,0.07799356706934815,0.0807782146031161,0.20553917858984957,0.21109730872393798,0.23950196433200716,0.2398364620126328,0.1203844000050997,0.1355461088570035,0.11394511548777599,0.25449748339416284,0.21636358523791618,0.21071028347529336,0.2530817416709711,0.25383912815701754,-0.04133245670518876,-0.051205477985059415,-0.03887271741859523,0.35383356066542343,0.3610684246739765,0.4923708663973671,0.49375472796458947,0.11598615946113708,0.13544839969763225,0.11300252467352445,0.5172848324835803,0.37619279028426433,0.44932252594890537,0.4945565522482533,0.494556588583329,0.024065084006496117,0.017787945328671156,0.038799284230545635
0.02406480392103803,0.02242531684908461,0.02832844859394279,0.027657511365195377,-0.8298841475990922,-0.8357630066207474,-0.8316485211506386,0.030264655840955276,0.03108608663047835,0.032446863385089314,0.03579980139428123,0.03579982372906407,1.0,0.9485272496330491,0.9450096064999216,-0.1380619072027508,-0.16456702771301387,-0.11916808811203763,-0.11999719402036382,-0.7553733123372798,-0.796117404508183,-0.7217968216730013,-0.11816627482186663,-0.12989154800539615,-0.11857695677617666,-0.1658437319423175,-0.1651516621798898,0.732931018190398,0.7512173561588025,0.7327222073267848,-0.12266144315504547,-0.15561152542027484,-0.05281339676095387,-0.054277399167213074,-0.7482798413824588,-0.7909586708469089,-0.7162466609865723,-0.052933717428443175,-0.11220215767640923,-0.06739812988221283,-0.143100152232428,-0.14281707489844328,0.792691909811251,0.8080830907874117,0.790138127878878
0.06879557762182514,0.06524376204301122,0.06975918883576346,0.0693336153653356,-0.7879934487747517,-0.7927033402099717,-0.7898552362918344,0.072141420837892,0.07130217553965788,0.07337800770031493,0.07799353982303962,0.07799356706934815,0.9485272496330491,1.0,0.9910057771030307,-0.12602834897028647,-0.149741762316814,-0.10456591605137372,-0.10531681611665034,-0.7209488773820834,-0.7562699636109659,-0.6896793265380047,-0.10328405193098832,-0.11798452698135552,-0.10699921084144638,-0.1482834736832828,-0.14750296330543433,0.7167468057121675,0.7315824253451014,0.7173432295118269,-0.09932450169189222,-0.12757284703949645,-0.02227082879114957,-0.023519408453091487,-0.7141932557713723,-0.7520641156489374,-0.6840817134426062,-0.022020246455781416,-0.08934592022223262,-0.04049143521341929,-0.10731362773759942,-0.10697968127749165,0.7847803035444831,0.8005307424541653,0.7898443103944267
0.07189616221072351,0.06817511119915728,0.07268395085536601,0.07224283677991823,-0.7870207850885639,-0.791321390271614,-0.7888062649993097,0.07495544479948603,0.07409063767602092,0.07601399605297454,0.08077818703266312,0.0807782146031161,0.9450096064999216,0.9910057771030307,1.0,-0.12553302811492553,-0.14916782147183583,-0.10392321702385739,-0.10467081232607175,-0.7179846146898898,-0.754461827573387,-0.6869745392267397,-0.1025615508675532,-0.11743389060986853,-0.10620281408357413,-0.14755125648568584,-0.1467866090135222,0.7148114264706382,0.7292714222837723,0.7154133381547322,-0.09821912002109066,-0.12642030316104977,-0.020667191747687462,-0.021914341298933764,-0.7114892064446946,-0.7503019560511532,-0.6815189881644148,-0.02036202935935259,-0.08814333807658488,-0.03893323838868337,-0.10584791272660496,-0.10554870995483581,0.7832664955035581,0.7986532932479214,0.7885630748920643
0.27003901915351763,0.25429780016417125,0.21658797407006164,0.21906863408403832,0.1587865753175389,0.18304974388484865,0.15703940839413688,0.20365411660259783,0.2209428311607007,0.19102708123348935,0.2055391599855506,0.20553917858984957,-0.1380619072027508,-0.12602834897028647,-0.12553302811492553,1.0,0.8534306153188759,0.7312516632409375,0.7318108340503098,0.15894247934277644,0.1811672120822547,0.13726434090657733,0.6841164997692283,0.849652919394698,0.4919815139287077,0.6761714594835723,0.6744727381546475,0.011810008976228737,-0.006845377383061529,0.018344415502268112,0.8388339986323661,0.7520597902408348,0.4049650403561928,0.4069912903682092,0.15609051473026864,0.18171503426926483,0.13815712400479924,0.359653916771165,0.7664391645284546,0.22183230269370874,0.47798131385807674,0.47721022147931536,-0.0534450719222663,-0.07108665421863654,-0.05127192236570628
0.28353983603644084,0.2686890998074208,0.22481476840791176,0.22666805821431754,0.1890424640004214,0.21759966319121415,0.18729668766047744,0.20930540407039577,0.22451152915484815,0.19477852522963032,0.2110973269460177,0.21109730872393798,-0.16456702771301387,-0.149741762316814,-0.14916782147183583,0.8534306153188759,1.0,0.7106242276368789,0.7127064282424594,0.18903822058904388,0.214386478297692,0.16648212756680847,0.6599158788550031,0.7679388456450329,0.495768906523722,0.7169370302692474,0.715273226836145,-0.004127246390609353,-0.025759151001701418,0.0009924473499346473,0.7942448702281324,0.8164146798857083,0.3984761389320704,0.40202401429794465,0.18534973672200936,0.21485122409160465,0.16626726335418815,0.34933078903827924,0.7048149557334462,0.23283697871450115,0.5271628165713664,0.5264074931448436,-0.06697580067760896,-0.08803336355796898,-0.06552246226528637
0.2879509227011783,0.27201383174877464,0.2588484662370438,0.2591540173096594,0.1504971415588204,0.1742197299191233,0.14884176833083246,0.2444545466676354,0.2401863784217863,0.224079550068018,0.23950194615972714,0.23950196433200716,-0.11916808811203763,-0.10456591605137372,-0.10392321702385739,0.7312516632409375,0.7106242276368789,1.0,0.9613571720864902,0.1510088600717208,0.17260206770355127,0.1309755304622692,0.8405949933986966,0.6902959905543039,0.5637624774545187,0.7213198887296131,0.7196606323577004,0.038035018219479806,0.015157353387597253,0.04182184879173617,0.6949648906471575,0.6504777323675129,0.5851383305485939,0.5861397685560124,0.14723595076788815,0.17293039704648375,0.13193265957289244,0.5136935209929572,0.6484382151649655,0.30373383250155556,0.5260704973650026,0.5253174380809164,-0.023743973765062033,-0.045710989300512934,-0.02466549008494648
0.28856822662926895,0.2726543159024793,0.25923435500764763,0.2595695473792369,0.1514403781095859,0.1752913757880957,0.14978419309855182,0.24474147322825196,0.24059678118913017,0.22434522396793322,0.23983641592714405,0.2398364620126328,-0.11999719402036382,-0.10531681611665034,-0.10467081232607175,0.7318108340503098,0.7127064282424594,0.9613571720864902,1.0,0.15195962406527774,0.1736437513982754,0.13189500390932057,0.8396732472873639,0.6901336192593025,0.5638720485036356,0.7230586936447262,0.7214000857882786,0.0374710553610211,0.014546783084433875,0.04126011155790146,0.6956547883383556,0.6526594581563777,0.5853305735414321,0.5863500023705399,0.14816833894521894,0.17397060477203308,0.13283128495534985,0.5132393411682801,0.6483867354415609,0.30394027570404947,0.5278565869760008,0.5271038220229174,-0.02426998495164339,-0.04629689746273056,-0.025171995002567896
0.12384838896064837,0.11852364546464679,0.10445494733731318,0.10617605654242343,0.8571196532930881,0.8151712809732427,0.8523894672817148,0.1156849510517914,0.12322355586011488,0.12439649011370738,0.12038441845471438,0.1203844000050997,-0.7553733123372798,-0.7209488773820834,-0.7179846146898898,0.15894247934277644,0.18903822058904388,0.1510088600717208,0.15195962406527774,1.0,0.883324415913868,0.936311192699689,0.16335305446663478,0.1667941658999742,0.17802012914883641,0.21691933364970847,0.2165004720475172,-0.7263619758810183,-0.7499023927459224,-0.7264595558930866,0.179265985707574,0.21792825082875222,0.14347211867448048,0.1452409385831659,0.9754228260640431,0.8887128103787398,0.9273092567026328,0.16055919241567104,0.19073739320229377,0.19096888051774522,0.2592085072520134,0.25888170922709974,-0.7318496846217388,-0.74587272015452,-0.7225943062677561
0.14475366465662207,0.13845941316571433,0.1228242323998749,0.1247355202331571,0.8849245878947187,0.9062897582890439,0.8797861488095979,0.13220805697129395,0.1385538203917799,0.13845528099974785,0.13554612730661816,0.1355461088570035,-0.796117404508183,-0.7562699636109659,-0.754461827573387,0.1811672120822547,0.214386478297692,0.17260206770355127,0.1736437513982754,0.883324415913868,1.0,0.8419298641276339,0.18133773886147508,0.18497574458273175,0.18269330585083343,0.2368229624679252,0.2368153796762897,-0.7373475775497655,-0.7623722290168405,-0.7373038335133477,0.20481889125953806,0.24749877665649841,0.16652321485871174,0.16841985369793414,0.8766444377233651,0.9865414125554391,0.8328427647091922,0.17960572593408608,0.21092245244291397,0.1943033531782059,0.2808020838761376,0.28064066819725936,-0.7419792979675656,-0.7577307672024869,-0.7319606959532979
0.10942957690605043,0.10493238369868682,0.09445259943358288,0.09599127884868883,0.8237787273091065,0.7732555644713895,0.8190485412977331,0.10878671391956611,0.11541173070792272,0.11998917235931979,0.11394513393739067,0.11394511548777599,-0.7217968216730013,-0.6896793265380047,-0.6869745392267397,0.13726434090657733,0.16648212756680847,0.1309755304622692,0.13189500390932057,0.936311192699689,0.8419298641276339,1.0,0.1479034947264172,0.15003549530017485,0.17714517462201973,0.20164500834976806,0.2012899086159278,-0.710064508749112,-0.7313769501446676,-0.7104372832138204,0.15627277648665513,0.19374172845758286,0.1279455871417975,0.12960603401382378,0.9417026498005986,0.8427740446971562,0.9707896481266829,0.1503301356466927,0.17412569223307434,0.19691235009002694,0.2460724553948235,0.24577735380793853,-0.7119938034063267,-0.7240585230379938,-0.7037463644018094
0.2747315056834842,0.25950767641679967,0.2533389962411843,0.2532458519549315,0.1612609419598259,0.17793234588216567,0.1595612896565942,0.2546346318177085,0.25193583741704045,0.24779823869127182,0.2544974356020707,0.25449748339416284,-0.11816627482186663,-0.10328405193098832,-0.1025615508675532,0.6841164997692283,0.6599158788550031,0.8405949933986966,0.8396732472873639,0.16335305446663478,0.18133773886147508,0.1479034947264172,1.0,0.7122486836972441,0.6737660015826635,0.7756419745010406,0.773983476558483,0.042875611088188416,0.020920388842118897,0.04650921626304175,0.6494566809110675,0.6008867311306944,0.5239124231651348,0.5242799344065648,0.16030650649294667,0.18233637960513935,0.14893150725665982,0.5836816404367174,0.674605457976833,0.40985418572749144,0.5748399931732473,0.5740873309193216,-0.019333546206085295,-0.040208362636526516,-0.020516358262063824
0.25961023319801557,0.24427471038202778,0.21057631497197987,0.21141869587697806,0.16418848991879642,0.18115106566009329,0.16237245744613238,0.20997280209654817,0.22943120373300688,0.21052243620436972,0.21636354188476706,0.21636358523791618,-0.12989154800539615,-0.11798452698135552,-0.11743389060986853,0.849652919394698,0.7679388456450329,0.6902959905543039,0.6901336192593025,0.1667941658999742,0.18497574458273175,0.15003549530017485,0.7122486836972441,1.0,0.5786452078540785,0.7088109766979156,0.7071523404724247,0.019288219613364577,0.0020027193649759596,0.025656700438459648,0.7778960799174751,0.6783607969282729,0.37471619541636153,0.37608476062662854,0.16473378673042333,0.18614567154913061,0.151277892353056,0.39308214437858735,0.825404752857934,0.3117408320760148,0.510417619338538,0.509664749008103,-0.04501127712650162,-0.06109789958358632,-0.04307573226526423
0.17572498382137433,0.16654534982717126,0.16668033429160387,0.1663540656871985,0.17551160883858932,0.1734117474936128,0.17378944800544205,0.19737638772005692,0.2055629432546825,0.22650076741676572,0.21071027711528337,0.21071028347529336,-0.11857695677617666,-0.10699921084144638,-0.10620281408357413,0.4919815139287077,0.495768906523722,0.5637624774545187,0.5638720485036356,0.17802012914883641,0.18269330585083343,0.17714517462201973,0.6737660015826635,0.5786452078540785,1.0,0.7097758067818927,0.7081173098401842,0.04903357860087944,0.030310575966822618,0.04991115123598271,0.45646161413183883,0.4399930953672331,0.2710732245143244,0.27247480958379217,0.17616077698089222,0.18475608347029332,0.17702163600208964,0.3822057595973883,0.5477104194929571,0.647437616737069,0.5347216716391631,0.533968937185185,-0.013749364492544781,-0.031112424700120128,-0.017188308550277847
0.2717038489621325,0.25831006048488814,0.2375748959269217,0.2387014601387608,0.2149155578980109,0.2330397582790984,0.21313701504238655,0.2452878108607511,0.2537579464202479,0.24916346889520422,0.2530817303787487,0.2530817416709711,-0.1658437319423175,-0.1482834736832828,-0.14755125648568584,0.6761714594835723,0.7169370302692474,0.7213198887296131,0.7230586936447262,0.21691933364970847,0.2368229624679252,0.20164500834976806,0.7756419745010406,0.7088109766979156,0.7097758067818927,1.0,0.9625961725536664,0.014113669378575736,-0.00985744355786684,0.01698468920698016,0.6413460970665675,0.660082428587771,0.4199207746821722,0.42312783308432544,0.21347456919266147,0.23842416762719829,0.20147645267000683,0.46970204070986804,0.6722327638956141,0.44447041447793556,0.7177135987222787,0.7169608290024269,-0.04803716669244084,-0.07133931647903914,-0.04896626805113848
0.27249923491321687,0.2590614713757858,0.23831428824250464,0.23943714105458527,0.21449079241912045,0.23270609699752198,0.21270453762455782,0.2460390614407415,0.2545107242730431,0.24993357965445276,0.2538391167766322,0.25383912815701754,-0.1651516621798898,-0.14750296330543433,-0.1467866090135222,0.6744727381546475,0.715273226836145,0.7196606323577004,0.7214000857882786,0.2165004720475172,0.2368153796762897,0.2012899086159278,0.773983476558483,0.7071523404724247,0.7081173098401842,0.9625961725536664,1.0,0.01464591879717076,-0.009413474243565105,0.01752049931293471,0.640835086505217,0.6596046786808824,0.4200251653592485,0.4232321525895777,0.21310810449617532,0.23842473956525354,0.20115020813353374,0.46984500051820177,0.6723034791562399,0.4446182365538135,0.7178543245956639,0.7184107829061822,-0.047173664272831185,-0.07053423315118022,-0.04810087682784296
-0.05340963388269246,-0.05156403730063072,-0.03897731628219019,-0.04000712269486031,-0.7218742916050632,-0.7327589738814841,-0.721929345255283,-0.04098618669336174,-0.04613651569752995,-0.042666777646374006,-0.041332470061456135,-0.04133245670518876,0.732931018190398,0.7167468057121675,0.7148114264706382,0.011810008976228737,-0.004127246390609353,0.038035018219479806,0.0374710553610211,-0.7263619758810183,-0.7373475775497655,-0.710064508749112,0.042875611088188416,0.019288219613364577,0.04903357860087944,0.014113669378575736,0.01464591879717076,1.0,0.9615123939638565,0.9738933169865663,-0.015786403796533573,-0.044481750622083226,-0.04687081437411662,-0.04761577807685222,-0.7192685787246561,-0.7319648655662166,-0.7006718099130295,-0.043229247200286265,-0.007230903328615727,-0.03169142168875757,-0.06288806933555481,-0.06253947523080802,0.8972947937610289,0.8810338196444651,0.8788286240906356
-0.06445182916793528,-0.0621185914399287,-0.04947038626461297,-0.0505225771444247,-0.7434817792386598,-0.75748496298604,-0.7433946970573471,-0.05107533791315215,-0.055612820882930444,-0.0519578135925567,-0.05120549019206641,-0.051205477985059415,0.7512173561588025,0.7315824253451014,0.7292714222837723,-0.006845377383061529,-0.025759151001701418,0.015157353387597253,0.014546783084433875,-0.7499023927459224,-0.7623722290168405,-0.7313769501446676,0.020920388842118897,0.0020027193649759596,0.030310575966822618,-0.00985744355786684,-0.009413474243565105,0.9615123939638565,1.0,0.9636550005638902,-0.03485169296654811,-0.06633402844939593,-0.06082907442153045,-0.06171215330563437,-0.741716261811003,-0.7569141688069185,-0.7210492248363545,-0.05653045247043959,-0.02505623512829084,-0.0440470199746258,-0.08441323645080603,-0.08406616767515418,0.8851568273956716,0.9002238952198843,0.8763820612568888
-0.050403104852907256,-0.048730304435990704,-0.03619156302708268,-0.03721187461659336,-0.7220530499217451,-0.7326136831658405,-0.7220836762821221,-0.03839515249305045,-0.04361509085295851,-0.04035210328762955,-0.038872731061186404,-0.03887271741859523,0.7327222073267848,0.7173432295118269,0.7154133381547322,0.018344415502268112,0.0009924473499346473,0.04182184879173617,0.04126011155790146,-0.7264595558930866,-0.7373038335133477,-0.7104372832138204,0.04650921626304175,0.025656700438459648,0.04991115123598271,0.01698468920698016,0.01752049931293471,0.9738933169865663,0.9636550005638902,1.0,-0.009724561444019855,-0.040004989601620605,-0.04290044352922977,-0.04363826770508188,-0.7193809184284724,-0.7320879798450091,-0.7006657030905689,-0.03959763498129922,-0.0014038968271193892,-0.03095403547154485,-0.06074967698006956,-0.0603933458717133,0.8879077738653945,0.8804218236160687,0.8859419951487021
0.43797105293162336,0.41296592144516026,0.35903222757423686,0.36273489954875643,0.17566918608692542,0.20612569044005483,0.17382284653180446,0.3477354988234275,0.37401052812518026,0.3359092411363888,0.3538335420913262,0.35383356066542343,-0.12266144315504547,-0.09932450169189222,-0.09821912002109066,0.8388339986323661,0.7942448702281324,0.6949648906471575,0.6956547883383556,0.179265985707574,0.20481889125953806,0.15627277648665513,0.6494566809110675,0.7778960799174751,0.45646161413183883,0.6413460970665675,0.640835086505217,-0.015786403796533573,-0.03485169296654811,-0.009724561444019855,1.0,0.8499189433829125,0.5051841456796456,0.5076305400179518,0.17568430540202207,0.20518242348935603,0.15661844043499526,0.45616847773029645,0.8447223010506906,0.29706344861071843,0.5701185021455757,0.5693486429660592,-0.046758005012391,-0.06206790892011655,-0.038244121796031386
0.45771612172538484,0.4343090113406305,0.36989582692759954,0.372546921692134,0.21487465510225445,0.25078878574556845,0.21310622263547746,0.354499026548971,0.37823396753760685,0.3406470109136818,0.36106844288507306,0.3610684246739765,-0.15561152542027484,-0.12757284703949645,-0.12642030316104977,0.7520597902408348,0.8164146798857083,0.6504777323675129,0.6526594581563777,0.21792825082875222,0.24749877665649841,0.19374172845758286,0.6008867311306944,0.6783607969282729,0.4399930953672331,0.660082428587771,0.6596046786808824,-0.044481750622083226,-0.06633402844939593,-0.040004989601620605,0.8499189433829125,1.0,0.4990104515557971,0.503172415561299,0.21347414485152372,0.24770888086853005,0.19277843717565488,0.44649941025378986,0.7477588970054702,0.31495434062374433,0.632726538849936,0.6319716342646553,-0.06358801362283764,-0.08099108381876766,-0.054178340035531854
0.5202497703993018,0.49310308060267605,0.5189120114606754,0.5170339273130578,0.1368679684003325,0.1680040916310099,0.13588235308463578,0.5068649985871059,0.4690653232135803,0.4722592438318567,0.49237084822666616,0.4923708663973671,-0.05281339676095387,-0.02227082879114957,-0.020667191747687462,0.4049650403561928,0.3984761389320704,0.5851383305485939,0.5853305735414321,0.14347211867448048,0.16652321485871174,0.1279455871417975,0.5239124231651348,0.37471619541636153,0.2710732245143244,0.4199207746821722,0.4200251653592485,-0.04687081437411662,-0.06082907442153045,-0.04290044352922977,0.5051841456796456,0.4990104515557971,1.0,0.9874529104037583,0.13775140974990424,0.16601998316856642,0.12718815666052363,0.8504206768350538,0.47009451371312244,0.5252459890800704,0.5967274552386238,0.5959744613904009,0.02306416159552734,0.009760719098992149,0.03614234191212961
0.5223352168297049,0.49517573438735935,0.5202868697927258,0.5187009561452371,0.13860774861550387,0.16994478815009983,0.13761456895778634,0.5081310784020292,0.4706015741148495,0.47336949192333316,0.4937546523219677,0.49375472796458947,-0.054277399167213074,-0.023519408453091487,-0.021914341298933764,0.4069912903682092,0.40202401429794465,0.5861397685560124,0.5863500023705399,0.1452409385831659,0.16841985369793414,0.12960603401382378,0.5242799344065648,0.37608476062662854,0.27247480958379217,0.42312783308432544,0.4232321525895777,-0.04761577807685222,-0.06171215330563437,-0.04363826770508188,0.5076305400179518,0.503172415561299,0.9874529104037583,1.0,0.13949465849263637,0.16791732309314683,0.12883849314370258,0.8492258021503329,0.4717197422975087,0.5255169461265153,0.6003201892039975,0.5995674466830762,0.02205101451496426,0.008712340752765007,0.03521350947141021
0.11944244800875663,0.11426868880831792,0.09977793311546172,0.10148863673788969,0.8551248440541274,0.8061511536561071,0.850394658042754,0.11129209779531676,0.11884811903990279,0.12031034325175452,0.11598617791075176,0.11598615946113708,-0.7482798413824588,-0.7141932557713723,-0.7114892064446946,0.15609051473026864,0.18534973672200936,0.14723595076788815,0.14816833894521894,0.9754228260640431,0.8766444377233651,0.9417026498005986,0.16030650649294667,0.16473378673042333,0.17616077698089222,0.21347456919266147,0.21310810449617532,-0.7192685787246561,-0.741716261811003,-0.7193809184284724,0.17568430540202207,0.21347414485152372,0.13775140974990424,0.13949465849263637,1.0,0.8830837960391476,0.9383719039623042,0.15563580203931743,0.18804710728817106,0.18755441032801082,0.25455031163714054,0.25424786710361097,-0.7253144252088243,-0.7381691573412988,-0.7161087132175733
0.14447042847818134,0.1381734864857296,0.12183489026201184,0.12377211825354101,0.887482811466927,0.8982029969788173,0.8823443723818062,0.13166534310572292,0.1385039695329013,0.13854944783309958,0.13544841814724695,0.13544839969763225,-0.7909586708469089,-0.7520641156489374,-0.7503019560511532,0.18171503426926483,0.21485122409160465,0.17293039704648375,0.17397060477203308,0.8887128103787398,0.9865414125554391,0.8427740446971562,0.18233637960513935,0.18614567154913061,0.18475608347029332,0.23842416762719829,0.23842473956525354,-0.7319648655662166,-0.7569141688069185,-0.7320879798450091,0.20518242348935603,0.24770888086853005,0.16601998316856642,0.16791732309314683,0.8830837960391476,1.0,0.8373005606093576,0.1799171554299672,0.2120789849890516,0.19600230439607957,0.2823330329026906,0.28217383117757455,-0.7367188700301482,-0.7524626642253606,-0.7270116237133029
0.108298125457976,0.1037942452454249,0.09332584456554668,0.09485762382476048,0.8223544170554322,0.7674736028260594,0.8176242310440588,0.10775534355945085,0.1145694319990983,0.1193010386308024,0.11300254312313913,0.11300252467352445,-0.7162466609865723,-0.6840817134426062,-0.6815189881644148,0.13815712400479924,0.16626726335418815,0.13193265957289244,0.13283128495534985,0.9273092567026328,0.8328427647091922,0.9707896481266829,0.14893150725665982,0.151277892353056,0.17702163600208964,0.20147645267000683,0.20115020813353374,-0.7006718099130295,-0.7210492248363545,-0.7006657030905689,0.15661844043499526,0.19277843717565488,0.12718815666052363,0.12883849314370258,0.9383719039623042,0.8373005606093576,1.0,0.14968041401594925,0.17484836364028186,0.19547442402071522,0.2446854502620421,0.244394924179599,-0.7044080598324832,-0.7155802609041537,-0.6958579733486748
0.5025434128557447,0.47643556126112196,0.5090976917707818,0.5068484408174794,0.15315927336093396,0.17546799394947424,0.15209532098128517,0.5233541719121572,0.4893623213282999,0.5106129195636245,0.5172847541019573,0.5172848324835803,-0.052933717428443175,-0.022020246455781416,-0.02036202935935259,0.359653916771165,0.34933078903827924,0.5136935209929572,0.5132393411682801,0.16055919241567104,0.17960572593408608,0.1503301356466927,0.5836816404367174,0.39308214437858735,0.3822057595973883,0.46970204070986804,0.46984500051820177,-0.043229247200286265,-0.05653045247043959,-0.03959763498129922,0.45616847773029645,0.44649941025378986,0.8504206768350538,0.8492258021503329,0.15563580203931743,0.1799171554299672,0.14968041401594925,1.0,0.4989979406483819,0.6534154216090332,0.6555638956986608,0.6548112777017905,0.02647302381336499,0.014494689545528208,0.03934534169902113
0.4271240920455266,0.4025178127325446,0.35456493634534963,0.35567757235114883,0.18436271923559658,0.20531911996696306,0.1823988684500771,0.362232133237985,0.3939696906444408,0.3712057763311882,0.37619272832633677,0.37619279028426433,-0.11220215767640923,-0.08934592022223262,-0.08814333807658488,0.7664391645284546,0.7048149557334462,0.6484382151649655,0.6483867354415609,0.19073739320229377,0.21092245244291397,0.17412569223307434,0.674605457976833,0.825404752857934,0.5477104194929571,0.6722327638956141,0.6723034791562399,-0.007230903328615727,-0.02505623512829084,-0.0014038968271193892,0.8447223010506906,0.7477588970054702,0.47009451371312244,0.4717197422975087,0.18804710728817106,0.2120789849890516,0.17484836364028186,0.4989979406483819,1.0,0.40609487238888264,0.6166135856709583,0.615860694296077,-0.0363154197457301,-0.05046017935467993,-0.028632033205661683
0.36427831048416875,0.34639996303804194,0.37642876179605256,0.3745220763259507,0.18464081027774207,0.18318439769451608,0.1834061620630286,0.4318177832881981,0.42261181779385004,0.47547242170449755,0.4493224918134466,0.44932252594890537,-0.06739812988221283,-0.04049143521341929,-0.03893323838868337,0.22183230269370874,0.23283697871450115,0.30373383250155556,0.30394027570404947,0.19096888051774522,0.1943033531782059,0.19691235009002694,0.40985418572749144,0.3117408320760148,0.647437616737069,0.44447041447793556,0.4446182365538135,-0.03169142168875757,-0.0440470199746258,-0.03095403547154485,0.29706344861071843,0.31495434062374433,0.5252459890800704,0.5255169461265153,0.18755441032801082,0.19600230439607957,0.19547442402071522,0.6534154216090332,0.40609487238888264,1.0,0.6394707703587165,0.6387180801827422,0.026249670292895187,0.01822333026653236,0.036422030999314216
0.49373375067122793,0.4704669705349339,0.4449832752842815,0.4469444858888793,0.2526318469037459,0.275187312639082,0.2510078380207223,0.4718082009726054,0.488788604845084,0.4935029221360881,0.4945565128473673,0.4945565522482533,-0.143100152232428,-0.10731362773759942,-0.10584791272660496,0.47798131385807674,0.5271628165713664,0.5260704973650026,0.5278565869760008,0.2592085072520134,0.2808020838761376,0.2460724553948235,0.5748399931732473,0.510417619338538,0.5347216716391631,0.7177135987222787,0.7178543245956639,-0.06288806933555481,-0.08441323645080603,-0.06074967698006956,0.5701185021455757,0.632726538849936,0.5967274552386238,0.6003201892039975,0.25455031163714054,0.2823330329026906,0.2446854502620421,0.6555638956986608,0.6166135856709583,0.6394707703587165,1.0,0.9918797059886791,-0.03027767209206504,-0.04496997121047918,-0.017803227234822368
0.493733770850494,0.4704669705349339,0.444983311981421,0.44694452238370364,0.2523716519878448,0.2749176715204622,0.25075081643854696,0.4718082373079095,0.48878867758251454,0.49350295847149395,0.4945565491824388,0.494556588583329,-0.14281707489844328,-0.10697968127749165,-0.10554870995483581,0.47721022147931536,0.5264074931448436,0.5253174380809164,0.5271038220229174,0.25888170922709974,0.28064066819725936,0.24577735380793853,0.5740873309193216,0.509664749008103,0.533968937185185,0.7169608290024269,0.7184107829061822,-0.06253947523080802,-0.08406616767515418,-0.0603933458717133,0.5693486429660592,0.6319716342646553,0.5959744613904009,0.5995674466830762,0.25424786710361097,0.28217383117757455,0.244394924179599,0.6548112777017905,0.615860694296077,0.6387180801827422,0.9918797059886791,1.0,-0.02993529658633166,-0.04462578117535116,-0.017446610125955064
0.010332833545379078,0.009361648350774212,0.023561086501990628,0.022422292323305497,-0.7328069244300502,-0.737657992316839,-0.732664714800059,0.023725354826157386,0.015860924070963314,0.02249735721412652,0.02406506303768537,0.024065084006496117,0.792691909811251,0.7847803035444831,0.7832664955035581,-0.0534450719222663,-0.06697580067760896,-0.023743973765062033,-0.02426998495164339,-0.7318496846217388,-0.7419792979675656,-0.7119938034063267,-0.019333546206085295,-0.04501127712650162,-0.013749364492544781,-0.04803716669244084,-0.047173664272831185,0.8972947937610289,0.8851568273956716,0.8879077738653945,-0.046758005012391,-0.06358801362283764,0.02306416159552734,0.02205101451496426,-0.7253144252088243,-0.7367188700301482,-0.7044080598324832,0.02647302381336499,-0.0363154197457301,0.026249670292895187,-0.03027767209206504,-0.02993529658633166,1.0,0.9559616561798595,0.9657326653400718
0.003232274479216427,0.002587623105277398,0.016054998539223556,0.01497590661879531,-0.7458479238723835,-0.7540334275204036,-0.745687928813836,0.0169639906003314,0.010042729741206863,0.016812919149322057,0.01778792509054523,0.017787945328671156,0.8080830907874117,0.8005307424541653,0.7986532932479214,-0.07108665421863654,-0.08803336355796898,-0.045710989300512934,-0.04629689746273056,-0.74587272015452,-0.7577307672024869,-0.7240585230379938,-0.040208362636526516,-0.06109789958358632,-0.031112424700120128,-0.07133931647903914,-0.07053423315118022,0.8810338196444651,0.9002238952198843,0.8804218236160687,-0.06206790892011655,-0.08099108381876766,0.009760719098992149,0.008712340752765007,-0.7381691573412988,-0.7524626642253606,-0.7155802609041537,0.014494689545528208,-0.05046017935467993,0.01822333026653236,-0.04496997121047918,-0.04462578117535116,0.9559616561798595,1.0,0.9623772942343923
0.026666153467572187,0.02495481640356879,0.0382634284785724,0.03718740483689446,-0.7236249755425134,-0.727464045164606,-0.723508004985411,0.03835449328775871,0.030321016151925537,0.03677873413489946,0.03879926154661323,0.038799284230545635,0.790138127878878,0.7898443103944267,0.7885630748920643,-0.05127192236570628,-0.06552246226528637,-0.02466549008494648,-0.025171995002567896,-0.7225943062677561,-0.7319606959532979,-0.7037463644018094,-0.020516358262063824,-0.04307573226526423,-0.017188308550277847,-0.04896626805113848,-0.04810087682784296,0.8788286240906356,0.8763820612568888,0.8859419951487021,-0.038244121796031386,-0.054178340035531854,0.03614234191212961,0.03521350947141021,-0.7161087132175733,-0.7270116237133029,-0.6958579733486748,0.03934534169902113,-0.028632033205661683,0.036422030999314216,-0.017803227234822368,-0.017446610125955064,0.9657326653400718,0.9623772942343923,1.0
