1.0,0.8437219140673399,0.74264819515398,0.7513764327328697,0.03600903943399688,0.10319185815369418,0.035848052353248776,0.7401511204028304,0.8248760983496796,0.7350549891079825,0.7737575096831563,0.7737575096831563,0.14056974497090477,0.20948074090774085,0.21227303035741565,0.2848807049105482,0.3047808703631984,0.2895414772239142,0.29040536412798884,0.05187167256814518,0.0954269343478276,0.03043333553241659,0.263657734487354,0.2640874995308479,0.14128929213853186,0.2736612016699579,0.27465248513292057,0.01542044309377736,0.0024016819720961767,0.01992732832461068,0.47666120405511353,0.5096866037087435,0.5508207392030353,0.5532891719159295,0.048352278755773116,0.08866047468493703,0.028472552691924908,0.5172582946086337,0.452437354840734,0.3512709863294493,0.5416513066592822,0.5416513066592822,0.11470173518493555,0.1078478433470513,0.13956256719375532
0.8437219140673399,1.0,0.6893830659469169,0.6979946098182899,0.03401948195322086,0.0965993122149777,0.033866768492026175,0.6879471172679639,0.7614055709212266,0.684257005627079,0.7200315994444987,0.7200315994444987,0.13020514139180378,0.1945963947436098,0.1971529790441956,0.261288012592452,0.2815276631449579,0.2662197283904311,0.267070979254963,0.049253568770185566,0.08952282676721732,0.029340508423890993,0.24258900935893413,0.24223464855259005,0.13031508117372437,0.2538925378361909,0.254808098256844,0.013437145175821936,0.001280627066583128,0.01761361491205349,0.43837238612216806,0.4720580495644918,0.5097000796233909,0.5120787134952196,0.045921047075195155,0.08331433403058039,0.027519472433795905,0.4790533345723294,0.4162018343162514,0.3264550791409876,0.504375601097954,0.504375601097954,0.10603967685077537,0.09969727418094056,0.12929338142000613
0.74264819515398,0.6893830659469169,1.0,0.874903187268269,0.02216544405528615,0.07450710067563346,0.022558313984947606,0.8029910046047188,0.6620055816322339,0.6769111599233812,0.7378811123905078,0.7378811123905078,0.1368111505891993,0.19938642760269476,0.20192670935501636,0.22308278177791993,0.2356788811521758,0.2537605378094562,0.254377191954817,0.03273017796051344,0.06830372513624133,0.01667344285596879,0.23846377698517066,0.20933679698670182,0.13272897157403163,0.2354339813630182,0.23630508272272158,0.025654121944230703,0.01456396618004165,0.029988676787229437,0.38115812691646506,0.4008321943424104,0.5370357382215862,0.5386321581868599,0.02970787717599547,0.06296619379362593,0.015605018376532805,0.5147011203026257,0.367098998350419,0.36023149493953,0.4816325774813638,0.48163252986328303,0.12417909756216418,0.11775991838128075,0.1465336198388668
0.7513764327328697,0.6979946098182899,0.874903187268269,1.0,0.023362418062528586,0.07647001561938933,0.02373123277921138,0.7997548045496952,0.6647522563483533,0.6769070942118499,0.7384141871158657,0.7384141871158657,0.13577045444391608,0.19862857891980204,0.20113860046417986,0.22507768405428014,0.236844762591177,0.25319634796271373,0.2538414847542669,0.03414164029819186,0.07010389676038213,0.017820345674366973,0.23747478674947986,0.2093858174886274,0.1318187491786094,0.23578491527686246,0.23665049785014697,0.024535679362893272,0.013407152485152582,0.02886555521610725,0.384469347259358,0.40269768215927926,0.5340013483338841,0.5359333766951558,0.031082802371097954,0.06471729852210845,0.016738530619117818,0.5111924351351114,0.3671511841748063,0.35733960858018193,0.4825221852795381,0.48252213797865157,0.12260645216603523,0.11627946193166705,0.14504436086121186
0.03600903943399688,0.03401948195322086,0.02216544405528615,0.023362418062528586,1.0,0.8707109059090388,0.991571947671447,0.021561003027776575,0.02632168749375455,0.0205914057801903,0.02206915146814393,0.02206915146814393,-0.7732281835179372,-0.7149918997776614,-0.714387554397122,0.061173897697013646,0.08344815552828608,0.054621354329054794,0.055272662371910475,0.8037298109870009,0.8306129222834653,0.805847482728369,0.048996451664791704,0.051604409774862095,0.0372351741636874,0.08547422138404658,0.08461258565395399,-0.6337311665436846,-0.6615381319242877,-0.634535294533008,0.06699570713516818,0.0976898459048403,0.05480064457449616,0.05588360739338645,0.8135447204701757,0.8415143335234238,0.8080907389414707,0.047876234351049776,0.05399522535107639,0.04254166806450728,0.10846863772913816,0.10806974204036078,-0.651855908700376,-0.6689044072378262,-0.6400142399209076
0.10319185815369418,0.0965993122149777,0.07450710067563346,0.07647001561938933,0.8707109059090388,1.0,0.8656010143552473,0.06625281497999891,0.07353413187235137,0.05776345294361561,0.066474022510084,0.066474022510084,-0.7555890171166709,-0.6936559779822588,-0.691694210802144,0.10564626326716159,0.13437404569730071,0.0949339697555194,0.09581047858946161,0.7291523858766058,0.8368004682493068,0.7128824058522364,0.07805495764907591,0.084825567544611,0.038911291667616164,0.12003711485027531,0.11920599050364275,-0.6281480137818676,-0.6577550551396414,-0.628399110990107,0.1261219626036401,0.16586093260530366,0.10488283282031088,0.10641036275619847,0.7359701975518823,0.8357338610623026,0.7121182343846697,0.0843922867700848,0.09725773680569774,0.04402386133657028,0.15646514814508125,0.156053196644886,-0.6351763683500637,-0.6524260124656218,-0.6194907434894841
0.035848052353248776,0.033866768492026175,0.022558313984947606,0.02373123277921138,0.991571947671447,0.8656010143552473,1.0,0.02204358981538628,0.02660925010934242,0.021383027928174002,0.022561016011852765,0.022561016011852765,-0.7720993101534017,-0.7146554615603555,-0.7139469566293836,0.059986861573463085,0.08217633776694501,0.05349037673117728,0.054133267840664676,0.8060935823824211,0.8325281093891441,0.8087367385774862,0.04807938851552961,0.050636749378420234,0.036981087987632465,0.08447604960414469,0.08362254386651012,-0.6333369575564418,-0.6612372743798567,-0.6340694459651649,0.06584873666403505,0.0965465776713057,0.05555525134505345,0.0566258757048016,0.8159084918655958,0.8434295206291026,0.8109799947905878,0.04882806517394107,0.05300494444620727,0.04429932461044125,0.10882171851924048,0.1084241618880444,-0.6501102080257037,-0.6670664072370133,-0.6380143095997253
0.7401511204028304,0.6879471172679639,0.8029910046047188,0.7997548045496952,0.021561003027776575,0.06625281497999891,0.02204358981538628,1.0,0.7102038381800442,0.7565728692178384,0.8079781948902374,0.8079781948902374,0.15677739990937825,0.21853602364469973,0.2209580043159216,0.20328426849474673,0.2122456895980448,0.2345215895297401,0.2349787858687469,0.030529675943043854,0.06068405708718104,0.01769619590718485,0.23582472991372266,0.202531947901995,0.15931052359221426,0.2380837746003266,0.238961947999867,0.036282955139062045,0.0260297121538377,0.040105064666400674,0.36199402937747427,0.37605414476425747,0.5264444523384587,0.5277982924876801,0.027750509756505053,0.05596483558273885,0.01615690139397568,0.5323459980245419,0.3682791609255626,0.41876796332689686,0.5080807547496424,0.5080807076651215,0.14065766104105176,0.1347840789375523,0.16233751681490224
0.8248760983496796,0.7614055709212266,0.6620055816322339,0.6647522563483533,0.02632168749375455,0.07353413187235137,0.02660925010934242,0.7102038381800442,1.0,0.7762856080882375,0.7799646691495487,0.7799646691495487,0.1589979140269862,0.21900552199625473,0.22146473485043758,0.22298315010133057,0.230674486187207,0.23180392246005288,0.2323764282684686,0.03931652396816228,0.06943250285380669,0.025714663998052438,0.23229720755036226,0.22205713422805348,0.16358003470531876,0.2448761659178884,0.2457663795690163,0.03235300115843585,0.02218092895833381,0.035690100250604796,0.3927991058017644,0.40620024209407785,0.4890641651931606,0.4907973570538558,0.03643315040770597,0.06432127224243389,0.02308987202124549,0.49540825740990563,0.401421631847043,0.4036148507102023,0.5249074742113022,0.5249074742113022,0.13079055355346025,0.12552406109583047,0.15198203672046154
0.7350549891079825,0.684257005627079,0.6769111599233812,0.6769070942118499,0.0205914057801903,0.05776345294361561,0.021383027928174002,0.7565728692178384,0.7762856080882375,1.0,0.8207181322913344,0.8207181322913344,0.17618406506036405,0.23573693116543115,0.23792860075438946,0.18504568605491703,0.1916716360521845,0.20918263197596496,0.20957704486222414,0.026052608655137366,0.05087648850896106,0.01616137288982758,0.22477458098816355,0.19794330841583163,0.18655667451101762,0.23771707099675965,0.23860429530906208,0.04795001747637192,0.0388495764745823,0.05100313229197829,0.3441726683288699,0.35576317181040473,0.4915307333773826,0.49268979085643777,0.022953312059693656,0.04694381986308758,0.013628784592191329,0.5213536856795408,0.37274563802766464,0.469048744875832,0.5310279291056722,0.5310278820205843,0.1561849329202196,0.15089061500312811,0.17652835122347796
0.7737575096831563,0.7200315994444987,0.7378811123905078,0.7384141871158657,0.02206915146814393,0.066474022510084,0.022561016011852765,0.8079781948902374,0.7799646691495487,0.8207181322913344,1.0,0.8869780601934559,0.16730116898030764,0.23001531219204865,0.23238825953957137,0.20356165872222765,0.21309627270895748,0.22765505551413198,0.2281682242526534,0.03273924051092986,0.06114667756978361,0.019719679294752806,0.23299456223003628,0.2064193223020874,0.16867955767824658,0.2435039108804348,0.24438914011732463,0.03776577862061662,0.027616812108357282,0.041283271200038524,0.3674846864646956,0.3831387061679578,0.5132393751605006,0.5147761742287253,0.029714405081704393,0.056410717845574956,0.017645909512657883,0.5262574575912401,0.38048238833028936,0.43489451171669513,0.5324985096937339,0.5324984155254198,0.1439464147690446,0.1384964942155557,0.16578482370218214
0.7737575096831563,0.7200315994444987,0.7378811123905078,0.7384141871158657,0.02206915146814393,0.066474022510084,0.022561016011852765,0.8079781948902374,0.7799646691495487,0.8207181322913344,0.8869780601934559,1.0,0.16730116898030764,0.23001531219204865,0.23238825953957137,0.20356165872222765,0.21309627270895748,0.22765505551413198,0.2281682242526534,0.03273924051092986,0.06114667756978361,0.019719679294752806,0.23299456223003628,0.2064193223020874,0.16867955767824658,0.2435039108804348,0.24438914011732463,0.03776577862061662,0.027616812108357282,0.041283271200038524,0.3674846864646956,0.3831387061679578,0.5132393751605006,0.5147761742287253,0.029714405081704393,0.056410717845574956,0.017645909512657883,0.5262574575912401,0.38048238833028936,0.43489451171669513,0.5324985096937339,0.5324984155254198,0.1439464147690446,0.1384964942155557,0.16578482370218214
0.14056974497090477,0.13020514139180378,0.1368111505891993,0.13577045444391608,-0.7732281835179372,-0.7555890171166709,-0.7720993101534017,0.15677739990937825,0.1589979140269862,0.17618406506036405,0.16730116898030764,0.16730116898030764,1.0,0.9270671157099403,0.9236794516714728,-0.03668567216019603,-0.05601666285651577,-0.020094257922353906,-0.020644356101704207,-0.6808707518428122,-0.7173741310383098,-0.675967457744424,-0.0010837436526783947,-0.013413834841937932,0.020410097410944742,-0.028986376113777596,-0.027865390249383646,0.6382538933987548,0.6601369885525907,0.6391191274375623,0.004537186657529714,-0.02011095742252414,0.06324348848258474,0.062420630534468384,-0.685196194771377,-0.7167416654485627,-0.6762715672858381,0.08868187489844037,0.038149231421740946,0.1067146856419493,0.03851550928020005,0.03894254703021278,0.7339823384556053,0.7506926504824541,0.7306387788285762
0.20948074090774085,0.1945963947436098,0.19938642760269476,0.19862857891980204,-0.7149918997776614,-0.6936559779822588,-0.7146554615603555,0.21853602364469973,0.21900552199625473,0.23573693116543115,0.23001531219204865,0.23001531219204865,0.9270671157099403,1.0,0.9915051100470954,-0.019849173866787785,-0.03456208457771834,-0.002544193378193491,-0.002946648270853645,-0.6342070819551302,-0.6592394243802739,-0.6328412910456718,0.014093222447512576,0.00046035126058802925,0.026838655052468983,-0.008009499858917198,-0.006884175851828014,0.6137941397022795,0.6301642116957031,0.6155128001027136,0.03957949695304631,0.02277263755800615,0.10728357330415705,0.10682124365599494,-0.6387157844783954,-0.6598039806212543,-0.6307983195879471,0.12960600619365745,0.06836966011992512,0.13612955197844645,0.08958256616720346,0.09000706393917601,0.7237502447883406,0.7411959449815867,0.7322852583874832
0.21227303035741565,0.1971529790441956,0.20192670935501636,0.20113860046417986,-0.714387554397122,-0.691694210802144,-0.7139469566293836,0.2209580043159216,0.22146473485043758,0.23792860075438946,0.23238825953957137,0.23238825953957137,0.9236794516714728,0.9915051100470954,1.0,-0.018984154659190445,-0.033740166966028745,-0.0016103664164041768,-0.002011778259051805,-0.6338689220923626,-0.6587195352743276,-0.6325017921253228,0.01485573243811799,0.0011389169664309075,0.026907899093860894,-0.007435175570210827,-0.006304144699225535,0.61252532144555,0.6286909225668932,0.6142926307457878,0.04104961032383348,0.024169699732681814,0.10915463770839794,0.10868783881290432,-0.6380887707659436,-0.6590984407463553,-0.6302989945805709,0.1312617987962722,0.06963210413228266,0.1369089022716691,0.09087399666226059,0.09129848046248552,0.722788213613903,0.7401443562011165,0.7315612947021919
0.2848807049105482,0.261288012592452,0.22308278177791993,0.22507768405428014,0.061173897697013646,0.10564626326716159,0.059986861573463085,0.20328426849474673,0.22298315010133057,0.18504568605491703,0.20356165872222765,0.20356165872222765,-0.03668567216019603,-0.019849173866787785,-0.018984154659190445,1.0,0.8468003921979952,0.7309698310827256,0.7314991967713482,0.056960163227772885,0.0968451272703089,0.036204094921100334,0.6797584735195509,0.8363059038684129,0.4916348251458148,0.6756593106512717,0.6738321023887057,0.15621539716697264,0.13159621196998694,0.16312374852885303,0.817883263491163,0.7312987990458828,0.3715523229372636,0.37322549792463744,0.05752619086327994,0.0941578234585817,0.0360307531814529,0.3217604995452617,0.7539815624782272,0.1800304089549757,0.441399076020405,0.4404386247272374,0.05193528016676506,0.02661546320143834,0.050770279828274104
0.3047808703631984,0.2815276631449579,0.2356788811521758,0.236844762591177,0.08344815552828608,0.13437404569730071,0.08217633776694501,0.2122456895980448,0.230674486187207,0.1916716360521845,0.21309627270895748,0.21309627270895748,-0.05601666285651577,-0.03456208457771834,-0.033740166966028745,0.8468003921979952,1.0,0.7026499458156643,0.7045533302376975,0.08035258916467604,0.12385904821652235,0.05843140355926766,0.6477563419200549,0.7586605116410181,0.4834730188539462,0.7029689292521965,0.7011798523484997,0.14641389363820853,0.11829336974699792,0.15167390640208092,0.7820112651520015,0.789427076160845,0.36092621365050276,0.3640331472975429,0.08011275438716511,0.12024139286665375,0.05779252962252421,0.3058195208789703,0.6936112389093554,0.18059845855385842,0.48141831935233714,0.48047791137535106,0.04589646550795949,0.016536093787614458,0.04423275585354433
0.2895414772239142,0.2662197283904311,0.2537605378094562,0.25319634796271373,0.054621354329054794,0.0949339697555194,0.05349037673117728,0.2345215895297401,0.23180392246005288,0.20918263197596496,0.22765505551413198,0.22765505551413198,-0.020094257922353906,-0.002544193378193491,-0.0016103664164041768,0.7309698310827256,0.7026499458156643,1.0,0.9454615094572356,0.04913609624112907,0.0876371580540117,0.030639072165088967,0.8274417565781212,0.6951128998815468,0.563127634802873,0.7200167104606673,0.7182339242083184,0.18349607961225006,0.15481179576049545,0.18766629895217732,0.6822813630779804,0.6251439373015991,0.5373260730866924,0.5377618558624356,0.04983981882359631,0.08554430670138301,0.031689467190662214,0.4702336106309784,0.6459942987178074,0.2621250115309266,0.48548398263778303,0.48454690602598544,0.08258481564719046,0.05309890436369204,0.07803499950919876
0.29040536412798884,0.267070979254963,0.254377191954817,0.2538414847542669,0.055272662371910475,0.09581047858946161,0.054133267840664676,0.2349787858687469,0.2323764282684686,0.20957704486222414,0.2281682242526534,0.2281682242526534,-0.020644356101704207,-0.002946648270853645,-0.002011778259051805,0.7314991967713482,0.7045533302376975,0.9454615094572356,1.0,0.04982599783641771,0.0884643608748704,0.03127737222001185,0.8263176110205955,0.6948451600056459,0.5629182784024029,0.7214313631188062,0.7196493325855592,0.18320299206051818,0.15444664770983568,0.18737431531498755,0.6830031011171928,0.6271504789460163,0.5377391441754851,0.5381864730508227,0.05051140402411193,0.08633913302286486,0.032305385854583084,0.4696794882703035,0.6458535246615702,0.26206170342255464,0.48704362316194394,0.4861069437748246,0.08236072571635157,0.05278802928987692,0.0778471098638149
0.05187167256814518,0.049253568770185566,0.03273017796051344,0.03414164029819186,0.8037298109870009,0.7291523858766058,0.8060935823824211,0.030529675943043854,0.03931652396816228,0.026052608655137366,0.03273924051092986,0.03273924051092986,-0.6808707518428122,-0.6342070819551302,-0.6338689220923626,0.056960163227772885,0.08035258916467604,0.04913609624112907,0.04982599783641771,1.0,0.8373240397636018,0.9421046737963672,0.04566765016460724,0.051343723957870666,0.03835754353425645,0.08431316281407446,0.08350231562510185,-0.6566865828367203,-0.6869552621101199,-0.6563871839085833,0.0654051353481504,0.09666757108847472,0.05756981565266013,0.05869562831415257,0.9805348133809251,0.8392481220374995,0.9254277159142474,0.05238828451826818,0.05796218343572859,0.05257288317054976,0.11382888522715091,0.1133424247372524,-0.6649350101554367,-0.6831108038824157,-0.6527415518199622
0.0954269343478276,0.08952282676721732,0.06830372513624133,0.07010389676038213,0.8306129222834653,0.8368004682493068,0.8325281093891441,0.06068405708718104,0.06943250285380669,0.05087648850896106,0.06114667756978361,0.06114667756978361,-0.7173741310383098,-0.6592394243802739,-0.6587195352743276,0.0968451272703089,0.12385904821652235,0.0876371580540117,0.0884643608748704,0.8373240397636018,1.0,0.8163730013758578,0.07613690113429415,0.08245074892414495,0.0406928121325886,0.11632830793790704,0.11583252186842434,-0.6534762879324825,-0.6859780848401537,-0.6530362401348221,0.11380420364316078,0.15065856406112443,0.0987596094418576,0.10014902515292934,0.8370788009322806,0.9714399821121037,0.8097213763111197,0.08372395356655236,0.09351119716362737,0.049920210101960384,0.1501619171689109,0.1498602944487192,-0.6602198058237384,-0.6801592340322823,-0.6459721375115532
0.03043333553241659,0.029340508423890993,0.01667344285596879,0.017820345674366973,0.805847482728369,0.7128824058522364,0.8087367385774862,0.01769619590718485,0.025714663998052438,0.01616137288982758,0.019719679294752806,0.019719679294752806,-0.675967457744424,-0.6328412910456718,-0.6325017921253228,0.036204094921100334,0.05843140355926766,0.030639072165088967,0.03127737222001185,0.9421046737963672,0.8163730013758578,1.0,0.030941412237556372,0.03395792638038365,0.03442200547928015,0.068794394092824,0.06805461260263129,-0.6555491012448764,-0.6846978501454444,-0.6559338650938223,0.04181539029349481,0.07164111095199174,0.04077521199732466,0.04175865414383205,0.9420646933628678,0.8182970836497554,0.9652160424741413,0.04012256489688767,0.038816912019875825,0.05241095285018048,0.09703227298544347,0.09663782488077545,-0.6633161373631091,-0.6809384220741538,-0.6526596301900766
0.263657734487354,0.24258900935893413,0.23846377698517066,0.23747478674947986,0.048996451664791704,0.07805495764907591,0.04807938851552961,0.23582472991372266,0.23229720755036226,0.22477458098816355,0.23299456223003628,0.23299456223003628,-0.0010837436526783947,0.014093222447512576,0.01485573243811799,0.6797584735195509,0.6477563419200549,0.8274417565781212,0.8263176110205955,0.04566765016460724,0.07613690113429415,0.030941412237556372,1.0,0.712608804752192,0.6696614160990302,0.7695478003604908,0.7677659628965461,0.20836396559094858,0.18090962256654763,0.2121594902686306,0.6305352285995858,0.5705003112990276,0.4729138474007842,0.4727930333161195,0.046376872447854885,0.0746929666502688,0.03136814119463113,0.5325483313002011,0.6638057993526671,0.3647232626873985,0.5253929740134764,0.5244563961083645,0.10622884351670671,0.07832440460203688,0.10077203100643116
0.2640874995308479,0.24223464855259005,0.20933679698670182,0.2093858174886274,0.051604409774862095,0.084825567544611,0.050636749378420234,0.202531947901995,0.22205713422805348,0.19794330841583163,0.2064193223020874,0.2064193223020874,-0.013413834841937932,0.00046035126058802925,0.0011389169664309075,0.8363059038684129,0.7586605116410181,0.6951128998815468,0.6948451600056459,0.051343723957870666,0.08245074892414495,0.03395792638038365,0.712608804752192,1.0,0.5776610935335625,0.7087490197962921,0.7069669613402814,0.1788684094175751,0.15640199271923555,0.1855800810751888,0.7541663271466534,0.6545390688562022,0.34423973162769766,0.3452454383303105,0.05213410269524314,0.08036483197684807,0.033102077291981766,0.3568479316174938,0.8063715886818172,0.27044909680459506,0.4709080525349737,0.46997135847095817,0.07566044262361997,0.05289638064107986,0.07386790950161722
0.14128929213853186,0.13031508117372437,0.13272897157403163,0.1318187491786094,0.0372351741636874,0.038911291667616164,0.036981087987632465,0.15931052359221426,0.16358003470531876,0.18655667451101762,0.16867955767824658,0.16867955767824658,0.020410097410944742,0.026838655052468983,0.026907899093860894,0.4916348251458148,0.4834730188539462,0.563127634802873,0.5629182784024029,0.03835754353425645,0.0406928121325886,0.03442200547928015,0.6696614160990302,0.5776610935335625,1.0,0.6952987867709487,0.6935169508050127,0.24494727778430633,0.22141686622474172,0.2446596958422689,0.4397875305904745,0.408105101522963,0.22940618529681395,0.2302204921283739,0.0388743241136748,0.039106889721458565,0.03348399564356745,0.33166776656411906,0.5292618214828757,0.591971082184567,0.47073838326097645,0.469801759071982,0.14105662430917806,0.11774843622917132,0.13187553727135043
0.2736612016699579,0.2538925378361909,0.2354339813630182,0.23578491527686246,0.08547422138404658,0.12003711485027531,0.08447604960414469,0.2380837746003266,0.2448761659178884,0.23771707099675965,0.2435039108804348,0.2435039108804348,-0.028986376113777596,-0.008009499858917198,-0.007435175570210827,0.6756593106512717,0.7029689292521965,0.7200167104606673,0.7214313631188062,0.08431316281407446,0.11632830793790704,0.068794394092824,0.7695478003604908,0.7087490197962921,0.6952987867709487,1.0,0.9462297157276296,0.2007061334635917,0.16997141187507211,0.20329248343696663,0.6297979420956007,0.6298037544219373,0.38353267275353303,0.3861939858939954,0.0837287598267996,0.11335440452025668,0.06718312523461903,0.42658414969214004,0.6623707436801821,0.3916560335612746,0.6616206187315585,0.6606840432991712,0.10010420135957732,0.06828520781866688,0.09531548463088545
0.27465248513292057,0.254808098256844,0.23630508272272158,0.23665049785014697,0.08461258565395399,0.11920599050364275,0.08362254386651012,0.238961947999867,0.2457663795690163,0.23860429530906208,0.24438914011732463,0.24438914011732463,-0.027865390249383646,-0.006884175851828014,-0.006304144699225535,0.6738321023887057,0.7011798523484997,0.7182339242083184,0.7196493325855592,0.08350231562510185,0.11583252186842434,0.06805461260263129,0.7677659628965461,0.7069669613402814,0.6935169508050127,0.9462297157276296,1.0,0.20164812146628147,0.1709172419686429,0.2042227513069173,0.6294067234370043,0.6294203744595445,0.3836045806221882,0.3862658688288056,0.08300734255486496,0.11285852280380389,0.06646448172481711,0.4266779196529936,0.6624529378543115,0.3917508310419141,0.6617138779847453,0.6623697210015669,0.10131621365515162,0.06938603061168033,0.09646385556209511
0.01542044309377736,0.013437145175821936,0.025654121944230703,0.024535679362893272,-0.6337311665436846,-0.6281480137818676,-0.6333369575564418,0.036282955139062045,0.03235300115843585,0.04795001747637192,0.03776577862061662,0.03776577862061662,0.6382538933987548,0.6137941397022795,0.61252532144555,0.15621539716697264,0.14641389363820853,0.18349607961225006,0.18320299206051818,-0.6566865828367203,-0.6534762879324825,-0.6555491012448764,0.20836396559094858,0.1788684094175751,0.24494727778430633,0.2007061334635917,0.20164812146628147,1.0,0.9537772578804,0.9676948851238437,0.12557506644814204,0.10043138499035778,0.029726180774400635,0.029648674296649143,-0.6554169649556915,-0.6511219855871015,-0.6499649920133584,0.05713483955607326,0.15838725557106298,0.11051081428228995,0.09837999651928941,0.09889796719849224,0.8409180781255698,0.8194393111509873,0.8143773057114988
0.0024016819720961767,0.001280627066583128,0.01456396618004165,0.013407152485152582,-0.6615381319242877,-0.6577550551396414,-0.6612372743798567,0.0260297121538377,0.02218092895833381,0.0388495764745823,0.027616812108357282,0.027616812108357282,0.6601369885525907,0.6301642116957031,0.6286909225668932,0.13159621196998694,0.11829336974699792,0.15481179576049545,0.15444664770983568,-0.6869552621101199,-0.6859780848401537,-0.6846978501454444,0.18090962256654763,0.15640199271923555,0.22141686622474172,0.16997141187507211,0.1709172419686429,0.9537772578804,1.0,0.9533106411621053,0.10211874891676768,0.07402661242069992,0.01657615290780973,0.016330112810259617,-0.6855191228541573,-0.6834302886742725,-0.6785344072160665,0.04529997287504802,0.1371215137323937,0.10093284889158088,0.07486277561216471,0.07540475330755916,0.8286042988738117,0.8429507977391415,0.8119601845595722
0.01992732832461068,0.01761361491205349,0.029988676787229437,0.02886555521610725,-0.634535294533008,-0.628399110990107,-0.6340694459651649,0.040105064666400674,0.035690100250604796,0.05100313229197829,0.041283271200038524,0.041283271200038524,0.6391191274375623,0.6155128001027136,0.6142926307457878,0.16312374852885303,0.15167390640208092,0.18766629895217732,0.18737431531498755,-0.6563871839085833,-0.6530362401348221,-0.6559338650938223,0.2121594902686306,0.1855800810751888,0.2446596958422689,0.20329248343696663,0.2042227513069173,0.9676948851238437,0.9533106411621053,1.0,0.13284598659260705,0.10602839247753558,0.03657016639649187,0.036503326454510675,-0.6551195746139263,-0.651156538055048,-0.65025372630433,0.06336118411253877,0.16542519057551394,0.11258776683483454,0.10212131532724823,0.10262309232331024,0.831323910075555,0.8185088033151066,0.8232380750384973
0.47666120405511353,0.43837238612216806,0.38115812691646506,0.384469347259358,0.06699570713516818,0.1261219626036401,0.06584873666403505,0.36199402937747427,0.3927991058017644,0.3441726683288699,0.3674846864646956,0.3674846864646956,0.004537186657529714,0.03957949695304631,0.04104961032383348,0.817883263491163,0.7820112651520015,0.6822813630779804,0.6830031011171928,0.0654051353481504,0.11380420364316078,0.04181539029349481,0.6305352285995858,0.7541663271466534,0.4397875305904745,0.6297979420956007,0.6294067234370043,0.12557506644814204,0.10211874891676768,0.13284598659260705,1.0,0.8520690556014968,0.48761991158335377,0.48985353894599043,0.06456865204953083,0.10936298355657645,0.04065270261456053,0.43039816225342475,0.8384588937854299,0.2620665533231797,0.552116534465845,0.5511572303485952,0.08167970137256965,0.06032519879239534,0.09016607755160808
0.5096866037087435,0.4720580495644918,0.4008321943424104,0.40269768215927926,0.0976898459048403,0.16586093260530366,0.0965465776713057,0.37605414476425747,0.40620024209407785,0.35576317181040473,0.3831387061679578,0.3831387061679578,-0.02011095742252414,0.02277263755800615,0.024169699732681814,0.7312987990458828,0.789427076160845,0.6251439373015991,0.6271504789460163,0.09666757108847472,0.15065856406112443,0.07164111095199174,0.5705003112990276,0.6545390688562022,0.408105101522963,0.6298037544219373,0.6294203744595445,0.10043138499035778,0.07402661242069992,0.10602839247753558,0.8520690556014968,1.0,0.47702855103147945,0.48083281630397273,0.0948726600476891,0.1447785231041354,0.0700773308144385,0.4161766438188238,0.741590448302721,0.27049159706890896,0.6043317338033958,0.6033922061857232,0.0740705007974527,0.05069260970807978,0.0845037996471564
0.5508207392030353,0.5097000796233909,0.5370357382215862,0.5340013483338841,0.05480064457449616,0.10488283282031088,0.05555525134505345,0.5264444523384587,0.4890641651931606,0.4915307333773826,0.5132393751605006,0.5132393751605006,0.06324348848258474,0.10728357330415705,0.10915463770839794,0.3715523229372636,0.36092621365050276,0.5373260730866924,0.5377391441754851,0.05756981565266013,0.0987596094418576,0.04077521199732466,0.4729138474007842,0.34423973162769766,0.22940618529681395,0.38353267275353303,0.3836045806221882,0.029726180774400635,0.01657615290780973,0.03657016639649187,0.48761991158335377,0.47702855103147945,1.0,0.9835477278233529,0.05621220255914468,0.09355330574221128,0.04091643474866857,0.8501977640409367,0.45740981397278596,0.5291032304774274,0.6088133854273351,0.6078762756786529,0.14495514974647455,0.13412336187073193,0.1660653598368158
0.5532891719159295,0.5120787134952196,0.5386321581868599,0.5359333766951558,0.05588360739338645,0.10641036275619847,0.0566258757048016,0.5277982924876801,0.4907973570538558,0.49268979085643777,0.5147761742287253,0.5147761742287253,0.062420630534468384,0.10682124365599494,0.10868783881290432,0.37322549792463744,0.3640331472975429,0.5377618558624356,0.5381864730508227,0.05869562831415257,0.10014902515292934,0.04175865414383205,0.4727930333161195,0.3452454383303105,0.2302204921283739,0.3861939858939954,0.3862658688288056,0.029648674296649143,0.016330112810259617,0.036503326454510675,0.48985353894599043,0.48083281630397273,0.9835477278233529,1.0,0.057302864959127536,0.09489178944170792,0.041882373499648747,0.8483895351450109,0.458725944732192,0.5286708584476741,0.6119237011185765,0.6109869163099823,0.14457086904856814,0.1336883717360454,0.16579888355745104
0.048352278755773116,0.045921047075195155,0.02970787717599547,0.031082802371097954,0.8135447204701757,0.7359701975518823,0.8159084918655958,0.027750509756505053,0.03643315040770597,0.022953312059693656,0.029714405081704393,0.029714405081704393,-0.685196194771377,-0.6387157844783954,-0.6380887707659436,0.05752619086327994,0.08011275438716511,0.04983981882359631,0.05051140402411193,0.9805348133809251,0.8370788009322806,0.9420646933628678,0.046376872447854885,0.05213410269524314,0.0388743241136748,0.0837287598267996,0.08300734255486496,-0.6554169649556915,-0.6855191228541573,-0.6551195746139263,0.06456865204953083,0.0948726600476891,0.05621220255914468,0.057302864959127536,1.0,0.8390028832061782,0.9321680535437478,0.05111598852207665,0.05757706091064476,0.05175280604896307,0.11068243467545082,0.11028722139502206,-0.6661053464815079,-0.6844512005213143,-0.6540797485785486
0.08866047468493703,0.08331433403058039,0.06296619379362593,0.06471729852210845,0.8415143335234238,0.8357338610623026,0.8434295206291026,0.05596483558273885,0.06432127224243389,0.04694381986308758,0.056410717845574956,0.056410717845574956,-0.7167416654485627,-0.6598039806212543,-0.6590984407463553,0.0941578234585817,0.12024139286665375,0.08554430670138301,0.08633913302286486,0.8392481220374995,0.9714399821121037,0.8182970836497554,0.0746929666502688,0.08036483197684807,0.039106889721458565,0.11335440452025668,0.11285852280380389,-0.6511219855871015,-0.6834302886742725,-0.651156538055048,0.10936298355657645,0.1447785231041354,0.09355330574221128,0.09489178944170792,0.8390028832061782,1.0,0.8116454585850174,0.07932911876118427,0.09001348311425673,0.04577482259459766,0.1440511757200549,0.1437495529998632,-0.6611434207904519,-0.6812936549210833,-0.6475117189656727
0.028472552691924908,0.027519472433795905,0.015605018376532805,0.016738530619117818,0.8080907389414707,0.7121182343846697,0.8109799947905878,0.01615690139397568,0.02308987202124549,0.013628784592191329,0.017645909512657883,0.017645909512657883,-0.6762715672858381,-0.6307983195879471,-0.6302989945805709,0.0360307531814529,0.05779252962252421,0.031689467190662214,0.032305385854583084,0.9254277159142474,0.8097213763111197,0.9652160424741413,0.03136814119463113,0.033102077291981766,0.03348399564356745,0.06718312523461903,0.06646448172481711,-0.6499649920133584,-0.6785344072160665,-0.65025372630433,0.04065270261456053,0.0700773308144385,0.04091643474866857,0.041882373499648747,0.9321680535437478,0.8116454585850174,1.0,0.039438641237229906,0.03659890660687902,0.05095357996685689,0.0933032367389003,0.09291194498424539,-0.6588100651315216,-0.6759192994949816,-0.6481348111523506
0.5172582946086337,0.4790533345723294,0.5147011203026257,0.5111924351351114,0.047876234351049776,0.0843922867700848,0.04882806517394107,0.5323459980245419,0.49540825740990563,0.5213536856795408,0.5262574575912401,0.5262574575912401,0.08868187489844037,0.12960600619365745,0.1312617987962722,0.3217604995452617,0.3058195208789703,0.4702336106309784,0.4696794882703035,0.05238828451826818,0.08372395356655236,0.04012256489688767,0.5325483313002011,0.3568479316174938,0.33166776656411906,0.42658414969214004,0.4266779196529936,0.05713483955607326,0.04529997287504802,0.06336118411253877,0.43039816225342475,0.4161766438188238,0.8501977640409367,0.8483895351450109,0.05111598852207665,0.07932911876118427,0.039438641237229906,1.0,0.47681523010095056,0.6525284172444572,0.6570995147102237,0.6561629037282718,0.1742397678329394,0.16478401203819062,0.1941529419863095
0.452437354840734,0.4162018343162514,0.367098998350419,0.3671511841748063,0.05399522535107639,0.09725773680569774,0.05300494444620727,0.3682791609255626,0.401421631847043,0.37274563802766464,0.38048238833028936,0.38048238833028936,0.038149231421740946,0.06836966011992512,0.06963210413228266,0.7539815624782272,0.6936112389093554,0.6459942987178074,0.6458535246615702,0.05796218343572859,0.09351119716362737,0.038816912019875825,0.6638057993526671,0.8063715886818172,0.5292618214828757,0.6623707436801821,0.6624529378543115,0.15838725557106298,0.1371215137323937,0.16542519057551394,0.8384588937854299,0.741590448302721,0.45740981397278596,0.458725944732192,0.05757706091064476,0.09001348311425673,0.03659890660687902,0.47681523010095056,1.0,0.37114751082681957,0.5955049592011963,0.5945682469006088,0.11433939294758058,0.09432967789009393,0.12062277507686997
0.3512709863294493,0.3264550791409876,0.36023149493953,0.35733960858018193,0.04254166806450728,0.04402386133657028,0.04429932461044125,0.41876796332689686,0.4036148507102023,0.469048744875832,0.43489451171669513,0.43489451171669513,0.1067146856419493,0.13612955197844645,0.1369089022716691,0.1800304089549757,0.18059845855385842,0.2621250115309266,0.26206170342255464,0.05257288317054976,0.049920210101960384,0.05241095285018048,0.3647232626873985,0.27044909680459506,0.591971082184567,0.3916560335612746,0.3917508310419141,0.11051081428228995,0.10093284889158088,0.11258776683483454,0.2620665533231797,0.27049159706890896,0.5291032304774274,0.5286708584476741,0.05175280604896307,0.04577482259459766,0.05095357996685689,0.6525284172444572,0.37114751082681957,1.0,0.618863084956987,0.6179262857417711,0.21478435529147172,0.20933656801522593,0.22841073109362436
0.5416513066592822,0.504375601097954,0.4816325774813638,0.4825221852795381,0.10846863772913816,0.15646514814508125,0.10882171851924048,0.5080807547496424,0.5249074742113022,0.5310279291056722,0.5324985096937339,0.5324985096937339,0.03851550928020005,0.08958256616720346,0.09087399666226059,0.441399076020405,0.48141831935233714,0.48548398263778303,0.48704362316194394,0.11382888522715091,0.1501619171689109,0.09703227298544347,0.5253929740134764,0.4709080525349737,0.47073838326097645,0.6616206187315585,0.6617138779847453,0.09837999651928941,0.07486277561216471,0.10212131532724823,0.552116534465845,0.6043317338033958,0.6088133854273351,0.6119237011185765,0.11068243467545082,0.1440511757200549,0.0933032367389003,0.6570995147102237,0.5955049592011963,0.618863084956987,1.0,0.9874248263978205,0.16245159887284183,0.14525916473847017,0.18011796098250082
0.5416513066592822,0.504375601097954,0.48163252986328303,0.48252213797865157,0.10806974204036078,0.156053196644886,0.1084241618880444,0.5080807076651215,0.5249074742113022,0.5310278820205843,0.5324984155254198,0.5324984155254198,0.03894254703021278,0.09000706393917601,0.09129848046248552,0.4404386247272374,0.48047791137535106,0.48454690602598544,0.4861069437748246,0.1133424247372524,0.1498602944487192,0.09663782488077545,0.5244563961083645,0.46997135847095817,0.469801759071982,0.6606840432991712,0.6623697210015669,0.09889796719849224,0.07540475330755916,0.10262309232331024,0.5511572303485952,0.6033922061857232,0.6078762756786529,0.6109869163099823,0.11028722139502206,0.1437495529998632,0.09291194498424539,0.6561629037282718,0.5945682469006088,0.6179262857417711,0.9874248263978205,1.0,0.162953076954999,0.1457177729229915,0.18058225725240135
0.11470173518493555,0.10603967685077537,0.12417909756216418,0.12260645216603523,-0.651855908700376,-0.6351763683500637,-0.6501102080257037,0.14065766104105176,0.13079055355346025,0.1561849329202196,0.1439464147690446,0.1439464147690446,0.7339823384556053,0.7237502447883406,0.722788213613903,0.05193528016676506,0.04589646550795949,0.08258481564719046,0.08236072571635157,-0.6649350101554367,-0.6602198058237384,-0.6633161373631091,0.10622884351670671,0.07566044262361997,0.14105662430917806,0.10010420135957732,0.10131621365515162,0.8409180781255698,0.8286042988738117,0.831323910075555,0.08167970137256965,0.0740705007974527,0.14495514974647455,0.14457086904856814,-0.6661053464815079,-0.6611434207904519,-0.6588100651315216,0.1742397678329394,0.11433939294758058,0.21478435529147172,0.16245159887284183,0.162953076954999,1.0,0.9429958398399876,0.9547667205865553
0.1078478433470513,0.09969727418094056,0.11775991838128075,0.11627946193166705,-0.6689044072378262,-0.6524260124656218,-0.6670664072370133,0.1347840789375523,0.12552406109583047,0.15089061500312811,0.1384964942155557,0.1384964942155557,0.7506926504824541,0.7411959449815867,0.7401443562011165,0.02661546320143834,0.016536093787614458,0.05309890436369204,0.05278802928987692,-0.6831108038824157,-0.6801592340322823,-0.6809384220741538,0.07832440460203688,0.05289638064107986,0.11774843622917132,0.06828520781866688,0.06938603061168033,0.8194393111509873,0.8429507977391415,0.8185088033151066,0.06032519879239534,0.05069260970807978,0.13412336187073193,0.1336883717360454,-0.6844512005213143,-0.6812936549210833,-0.6759192994949816,0.16478401203819062,0.09432967789009393,0.20933656801522593,0.14525916473847017,0.1457177729229915,0.9429958398399876,1.0,0.9516166428643577
0.13956256719375532,0.12929338142000613,0.1465336198388668,0.14504436086121186,-0.6400142399209076,-0.6194907434894841,-0.6380143095997253,0.16233751681490224,0.15198203672046154,0.17652835122347796,0.16578482370218214,0.16578482370218214,0.7306387788285762,0.7322852583874832,0.7315612947021919,0.050770279828274104,0.04423275585354433,0.07803499950919876,0.0778471098638149,-0.6527415518199622,-0.6459721375115532,-0.6526596301900766,0.10077203100643116,0.07386790950161722,0.13187553727135043,0.09531548463088545,0.09646385556209511,0.8143773057114988,0.8119601845595722,0.8232380750384973,0.09016607755160808,0.0845037996471564,0.1660653598368158,0.16579888355745104,-0.6540797485785486,-0.6475117189656727,-0.6481348111523506,0.1941529419863095,0.12062277507686997,0.22841073109362436,0.18011796098250082,0.18058225725240135,0.9547667205865553,0.9516166428643577,1.0
