1.0,0.04074283887042677,0.015181452515042855,0.03262822606669912,0.07676991358897899,0.13061543757271268,0.1326948290807965,-0.015356115439685012,0.3648466141629402,0.32124397777395947,0.3396883443754324,0.19011293630938905,0.9929195143434184,-0.04278633273771685,-0.3372323364991695,-0.09110651484729337,-0.3234564273602083,-0.29689808212260604,-0.30378616508677025,-0.015898779909233905,-0.30869139489716535,-0.3140494042997073,-0.3449775864550266,-0.04523011271593509,-0.36431480444122205,-0.3580058325926408,0.9981118748849036,0.11664448861437814,0.02558364659174104,0.03711078932102298,0.05087045597750555,0.28790845497561657,0.0755543666782943,0.10536630095208131,0.05639927101384623,-0.014472020388056527,0.12938834534476187,0.11104268364908816,0.17127278691176456,0.17220360298365697,0.14657924400874267,0.2433380052016373,0.23977284154706513,0.19057342861772314
0.04074283887042677,1.0,0.048297557689254395,0.08036892740509363,0.06693237444913655,-0.0638172907775192,-0.05317651628445637,-0.06321678792904528,0.027472792946701807,0.027465177089954898,0.02658867598287626,0.0072928414381177396,0.04459643500968438,-0.08762877351139751,-0.046990889823980586,0.010727187418674858,-0.03483796877958914,-0.02202587122511592,-0.03263127580651653,0.029950408055933183,-0.0383848700524412,-0.03768752383893374,-0.08872969304526336,-0.06237796931764423,-0.1025630672206297,-0.08979531969075924,0.03629015646938277,0.692724522624385,-0.07252438265003944,-0.10587292599302221,-0.084619601174226,0.5844390961092404,-0.0624383446536556,-0.09586320514609979,-0.08754223759051677,-0.06326962083660616,-0.060905464054626865,-0.04994723089118276,-0.06042567589874292,-0.05819917706183407,-0.05369110080612779,-0.058434796405383425,-0.063529601235867,-0.06636762627675513
0.015181452515042855,0.048297557689254395,1.0,0.18591837846582135,-0.10841097959351993,0.06273340405756726,0.0033544447193369,0.03363128415224696,0.014919149442970766,0.013738709048099592,0.013281637867713365,0.018017751260572902,0.018489032593316947,0.16793374865766125,0.20217588762304453,0.2914046729560577,0.20456853294307853,0.17370218497619558,0.02716005301209923,0.06209297523952248,0.02809976615063464,0.023518948907588055,0.02931012966800482,0.05474239078534824,0.03953939676646618,0.027558560919460115,0.020738102936392874,-0.002277885633248966,0.43965492499855907,0.11174576335491951,-0.01787465225593439,0.013804719683337576,0.4245499972776345,0.10017061802327017,-0.019609875199902812,0.12294481896832352,0.06032786703780097,0.014620815828329909,0.033213747408184675,0.026489525560832644,0.018950946271052586,0.03178536474777118,0.028674958691047723,0.0201953322864368
0.03262822606669912,0.08036892740509363,0.18591837846582135,1.0,0.08560014773283064,-0.024258349663237987,-0.01692134034929872,-0.07145091385431701,-0.014716896980371146,-0.014115899311555468,-0.0056090603130569934,0.008627898525064043,0.03277243557615854,-0.0993738370945852,0.01979553928790836,0.05648248483401448,0.021836287842018652,0.025441467544488006,0.007726883305076503,0.04850343704075005,0.01158531955896642,0.007279474423573666,0.04590197734373626,0.11178904650852053,0.04863339890068575,0.04050942536508379,0.03264553402782756,0.03678112454586925,0.07508931115243773,0.28035337469178423,-0.03684504257690416,0.012723300543538995,0.077687742281571,0.26549490611680365,-0.038355160195764924,-0.05604327223796051,-0.02244245168504136,-0.02116168569454853,-0.016093405771561674,-0.013542037590496419,-0.014166572472503778,-0.014359135472945364,-0.012395752416338448,-0.01033100969499926
0.07676991358897899,0.06693237444913655,-0.10841097959351993,0.08560014773283064,1.0,-0.11270684940816367,-0.09075708445361884,-0.49328728887986306,0.011358683215887806,-0.006111943507929062,-0.008016517140464504,-0.01147545446003258,0.07370608716407102,-0.282262392653935,-0.03816787535528203,-0.031904860736566086,-0.04209852611985369,-0.01758397112547816,-0.021317254873609963,-0.002411408894090035,-0.026900325309113116,-0.021059907797313177,-0.049548648969955755,-0.058793395492284,-0.06302707474467974,-0.05000493710905361,0.07254839456692656,0.046230024842848036,-0.06408228990354149,-0.04780710075887813,0.11674840349851842,0.02919459549628992,-0.05099349481854772,-0.03411510875958919,0.11579288186534205,-0.17125569987364211,-0.10324261860147133,-0.0886953208565982,-0.10194460756551918,-0.09495790305096197,-0.08959627532246489,-0.09179597174609999,-0.091709278339966,-0.08563086592434874
0.13061543757271268,-0.0638172907775192,0.06273340405756726,-0.024258349663237987,-0.11270684940816367,1.0,0.891293982789092,0.11826146333307283,0.017748927188492594,-0.008910814871248406,-0.003780290519329532,0.001037770368132216,0.13757417660899784,0.27699835173566256,0.07305260226548663,0.07329186238497935,0.08828886151373129,0.083004685556786,0.08867150842371788,0.08166645086957967,0.08861413347394162,0.08898946378238239,0.13672771743644951,0.17507933999811037,0.11964395722078765,0.1351963730983413,0.1374626534856253,0.044135808755344896,0.09559789431406755,0.15177938798350488,0.06201180880930871,0.04980855428867603,0.0947039360360636,0.1548474778160343,0.06259767604282723,0.2194481751747518,0.9931897115566828,0.8677993353595317,0.9173855696818541,0.90894491153816,0.911091856374109,0.9041389335747975,0.8996901185407988,0.9049210043392415
0.1326948290807965,-0.05317651628445637,0.0033544447193369,-0.01692134034929872,-0.09075708445361884,0.891293982789092,1.0,0.10242941784525983,0.04644469811722746,0.01758697248527224,0.021957259341569415,0.02268091949727915,0.14053666558363995,0.2066875631292755,0.03515506003337807,0.027769866013011665,0.051343215492848086,0.0324272060304812,0.06907480900753715,0.060965735958900806,0.06884739413738107,0.06923732371593153,0.11988447114253581,0.15635202324104322,0.10093523379269267,0.11890162792802084,0.13853354492358547,0.04358654473487032,0.0378064530637396,0.12866307267514507,0.06610527971321761,0.07967346134966484,0.041201715435305535,0.14086989367501704,0.06640737902792623,0.1591976347311808,0.8874744107574407,0.9629281177260824,0.9343703129411021,0.9356043845641487,0.9452596599977637,0.920986586080078,0.9255468262886177,0.9382301578169631
-0.015356115439685012,-0.06321678792904528,0.03363128415224696,-0.07145091385431701,-0.49328728887986306,0.11826146333307283,0.10242941784525983,1.0,-0.08048328772662333,-0.09886456953422834,-0.0994492183178304,-0.08142371692500691,-0.01251318434573964,0.2392498764750389,0.06237807586138921,0.06483094872109973,0.07523354496309163,0.08265382681125981,0.0482400832075467,0.057267692634476904,0.05327761018313682,0.04659187427457093,0.04891484592816804,0.061558787530701375,0.049932287001787534,0.04719485702831252,-0.010980182557728119,-0.03297875437594949,0.05453444092778585,0.012530870093980911,-0.04660025908210118,-0.08675031972106961,0.03996804168417675,-0.009534026860744052,-0.047629164648609446,0.18915689882924253,0.11985403366808225,0.09044385786236406,0.10154820746403995,0.09401488957376197,0.10088707671254005,0.11298929525890014,0.11130711652917887,0.10847539893135563
0.3648466141629402,0.027472792946701807,0.014919149442970766,-0.014716896980371146,0.011358683215887806,0.017748927188492594,0.04644469811722746,-0.08048328772662333,1.0,0.9753901269067298,0.9614687391482258,0.7776463801905958,0.3621951742077741,-0.03144797596740892,-0.2745869639247643,-0.17598536043289778,-0.3443882711719926,-0.5546862826788018,-0.24846026454063508,-0.1300268599958221,-0.2752363002693993,-0.2622119671753881,-0.19583369190709465,-0.06316044481548598,-0.24057859069036075,-0.20735956532059352,0.36333330647160555,-0.25540752861753774,-0.14681256973737733,-0.11260974368136263,-0.0327659441822961,0.6190711169790115,-0.05129594132648419,0.018194078375070536,-0.019151359466564963,-0.052003554863642616,0.0030577858688886424,0.014513226752844291,0.06666633831182789,0.07120739748490743,0.062665638979749,0.04436134171197052,0.04944158029778015,0.046018796871902044
0.32124397777395947,0.027465177089954898,0.013738709048099592,-0.014115899311555468,-0.006111943507929062,-0.008910814871248406,0.01758697248527224,-0.09886456953422834,0.9753901269067298,1.0,0.9872744852156065,0.8383841215963282,0.3187727897641074,-0.040176475536569826,-0.3044843274195115,-0.19652614152685846,-0.38298686413850636,-0.5846350567907157,-0.29763746430259264,-0.18227329610271725,-0.3274432269045096,-0.307334126842262,-0.25482716642897096,-0.12357325312800849,-0.2939837502582469,-0.26309402826404693,0.3194052778058158,-0.2844163994261754,-0.17204059534339325,-0.14287383347847774,-0.05978973580792199,0.5768365300435986,-0.07742403641086668,-0.01308236676434676,-0.04547921509253771,-0.06023818531288563,-0.024505801462891712,-0.012087698077098337,0.043376882237515256,0.04793282742485204,0.03787088179374635,0.00925670119276779,0.014780018953285162,0.01476850250517534
0.3396883443754324,0.02658867598287626,0.013281637867713365,-0.0056090603130569934,-0.008016517140464504,-0.003780290519329532,0.021957259341569415,-0.0994492183178304,0.9614687391482258,0.9872744852156065,1.0,0.8646918360708904,0.33692093374763415,-0.04023950321941532,-0.329989886837068,-0.19581786329910142,-0.40338257522462306,-0.5907793201511256,-0.3223708081379466,-0.18176330407326283,-0.35037795562155694,-0.33151003126404827,-0.2876969480494784,-0.1327252035872215,-0.3281287128047565,-0.2973040177235238,0.3377614354205076,-0.28819668862666187,-0.17154974625117472,-0.1537969556118594,-0.06739682303194915,0.5627245337258576,-0.07831920736102821,-0.025517878612910643,-0.05294516563204826,-0.06561835377021026,-0.02059460075455368,-0.010189796100723049,0.04847429773015319,0.05289020218188906,0.045228269502086874,0.016450641642438448,0.022470543757872958,0.024374623381093197
0.19011293630938905,0.0072928414381177396,0.018017751260572902,0.008627898525064043,-0.01147545446003258,0.001037770368132216,0.02268091949727915,-0.08142371692500691,0.7776463801905958,0.8383841215963282,0.8646918360708904,1.0,0.1890267220212913,-0.03318022064915373,-0.2668015388760847,-0.13950441097968036,-0.34757286388171155,-0.5083797439977917,-0.2830896006711143,-0.14619782043577803,-0.3110564274659995,-0.29102768279221325,-0.24170683327442513,-0.09917130353664562,-0.27294859997442605,-0.2541887989401247,0.18909932671618,-0.3084242636457195,-0.1597111443600316,-0.16664963180048703,-0.14835247185106054,0.41841705129852114,-0.08363687584228448,-0.06638534360697362,-0.12916125140237505,-0.06549046273183456,-0.016220956726108272,-0.006066139666314468,0.04913305420638172,0.05296222484444818,0.05233359714527031,0.01195536749510791,0.01897878876721155,0.03240881910293815
0.9929195143434184,0.04459643500968438,0.018489032593316947,0.03277243557615854,0.07370608716407102,0.13757417660899784,0.14053666558363995,-0.01251318434573964,0.3621951742077741,0.3187727897641074,0.33692093374763415,0.1890267220212913,1.0,-0.0344964302405613,-0.3360982759113199,-0.09069255054810088,-0.32169608390207954,-0.29532748391213093,-0.3003580089451775,-0.013804076419977036,-0.3054216523812903,-0.31047040524969355,-0.34130849135550545,-0.04273116606898188,-0.3604376932033534,-0.35420507871856555,0.9945540471089064,0.12260098463522395,0.02670534377847364,0.04064700671732618,0.05009860997351043,0.2923408446247881,0.07627672475341302,0.10839356983830349,0.05550134926661635,-0.007768783857357822,0.1363022425857357,0.11908785763065566,0.17772708518142832,0.1782684063599677,0.15274419719732682,0.24926430807162203,0.24559139113413722,0.19672898606070374
-0.04278633273771685,-0.08762877351139751,0.16793374865766125,-0.0993738370945852,-0.282262392653935,0.27699835173566256,0.2066875631292755,0.2392498764750389,-0.03144797596740892,-0.040176475536569826,-0.04023950321941532,-0.03318022064915373,-0.0344964302405613,1.0,0.06857893376290608,0.07401147004680139,0.08996629932592073,0.07139211019176543,0.037438500371214906,-0.0024337321250406455,0.041371594287115364,0.038660263293614355,0.08354968385022722,0.07971708428667412,0.08390979976293508,0.0831641855259036,-0.032942146890457685,-0.039795569714496576,0.12509514098918983,0.044137271865672685,0.004970234830915911,-0.05577571961802913,0.10334991668941379,0.027325783582453446,0.003028430992770857,0.5730872921225314,0.27164475607056715,0.20025086390274807,0.2091129717382611,0.19145668100646088,0.19451865597756385,0.19756540793488803,0.19017937799318935,0.1931996075327967
-0.3372323364991695,-0.046990889823980586,0.20217588762304453,0.01979553928790836,-0.03816787535528203,0.07305260226548663,0.03515506003337807,0.06237807586138921,-0.2745869639247643,-0.3044843274195115,-0.329989886837068,-0.2668015388760847,-0.3360982759113199,0.06857893376290608,1.0,0.8235869008366143,0.9556610546050577,0.8214893434356979,0.7417868025816737,0.5561449508013597,0.7372771289686689,0.7388127850747772,0.7209830318500767,0.5075647712867165,0.7144442100479912,0.7181124296636525,-0.3345340045463095,0.15916754168225133,0.6326082922175894,0.3564705165227354,0.09679282099960856,-0.007016405226906955,0.6129892720373945,0.30476027002462464,0.09322267290204572,0.05814245875792379,0.0806368024669898,0.0732152211783138,0.04477663045613982,0.041151962085615,0.0394948529499359,0.025580657432171326,0.020789687661807183,0.03558229719131084
-0.09110651484729337,0.010727187418674858,0.2914046729560577,0.05648248483401448,-0.031904860736566086,0.07329186238497935,0.027769866013011665,0.06483094872109973,-0.17598536043289778,-0.19652614152685846,-0.19581786329910142,-0.13950441097968036,-0.09069255054810088,0.07401147004680139,0.8235869008366143,1.0,0.8359888384985938,0.7153159091997936,0.43889730983546954,0.5185367502317348,0.4244253263321422,0.43356176709792876,0.40828464204171455,0.45803172243576673,0.3913643950700891,0.397508584437077,-0.08789656250583652,0.15023919375022127,0.7518647863665031,0.34731186908669076,0.0952836544619575,0.016932079473785326,0.7480102599206736,0.3084598764145863,0.09159971101649836,0.07408633310218407,0.08155261258174143,0.056051086964225984,0.048793636804503944,0.04445921468411425,0.03520128456691915,0.05036025526574157,0.0457973566374844,0.044470071233636624
-0.3234564273602083,-0.03483796877958914,0.20456853294307853,0.021836287842018652,-0.04209852611985369,0.08828886151373129,0.051343215492848086,0.07523354496309163,-0.3443882711719926,-0.38298686413850636,-0.40338257522462306,-0.34757286388171155,-0.32169608390207954,0.08996629932592073,0.9556610546050577,0.8359888384985938,1.0,0.8613290443651099,0.7466477124281532,0.5291615100342312,0.7473031846052172,0.7492105610030371,0.7324286899286666,0.4892762945367306,0.7323052938389585,0.7320488475113774,-0.31981147355213946,0.19760235294913203,0.6409741628669038,0.3613819576200706,0.11959341221167646,-0.03797035648068415,0.6144519779026885,0.30279669523319375,0.11418084969559997,0.06517893994671063,0.09678896969380432,0.08921981748552572,0.05583582532089991,0.05150228247532588,0.049900507997827394,0.04489053563626444,0.03911666033725073,0.04981249129118232
-0.29689808212260604,-0.02202587122511592,0.17370218497619558,0.025441467544488006,-0.01758397112547816,0.083004685556786,0.0324272060304812,0.08265382681125981,-0.5546862826788018,-0.5846350567907157,-0.5907793201511256,-0.5083797439977917,-0.29532748391213093,0.07139211019176543,0.8214893434356979,0.7153159091997936,0.8613290443651099,1.0,0.6473712683587797,0.46745524191605087,0.6499028344795511,0.6570868281714051,0.6164877114431789,0.4346234925552582,0.6264917144022168,0.6232495419209905,-0.29350424739197806,0.24265013839544514,0.6294850752648448,0.3575345677445518,0.11722125725134343,-0.20200317667019152,0.6067840900592399,0.2844400917871459,0.11032542293948853,0.047876564906606994,0.09151293917418712,0.06941517779458029,0.03390151510646768,0.028469008651532398,0.033690464795933024,0.04579638317034218,0.038948232494504985,0.04509477516679198
-0.30378616508677025,-0.03263127580651653,0.02716005301209923,0.007726883305076503,-0.021317254873609963,0.08867150842371788,0.06907480900753715,0.0482400832075467,-0.24846026454063508,-0.29763746430259264,-0.3223708081379466,-0.2830896006711143,-0.3003580089451775,0.037438500371214906,0.7417868025816737,0.43889730983546954,0.7466477124281532,0.6473712683587797,1.0,0.7300303024376457,0.9895845889359353,0.996378832828218,0.8461658868692593,0.49744600740087824,0.8434822304387266,0.8461574799392703,-0.30256906663167926,0.2067727019621941,0.32748464818270623,0.34402912689602155,0.0718319518607916,0.07470403704355606,0.294407790878966,0.2942199098129927,0.06851947624207332,0.015109054463015937,0.09640174957056809,0.10667304902890416,0.07174528775141624,0.07079992472298328,0.07192615999689153,0.0545403252268837,0.04958550258194667,0.06655915817867779
-0.015898779909233905,0.029950408055933183,0.06209297523952248,0.04850343704075005,-0.002411408894090035,0.08166645086957967,0.060965735958900806,0.057267692634476904,-0.1300268599958221,-0.18227329610271725,-0.18176330407326283,-0.14619782043577803,-0.013804076419977036,-0.0024337321250406455,0.5561449508013597,0.5185367502317348,0.5291615100342312,0.46745524191605087,0.7300303024376457,1.0,0.6887111011723779,0.7027614110717196,0.4789938769896487,0.5691076778246003,0.4497450171635662,0.461451331046653,-0.016302631114389732,0.20146140870120569,0.381980543964357,0.3728628254582576,0.05639344006600924,0.11862638054129623,0.36757317623744445,0.3455676578089005,0.0548627874619164,0.010241569994507281,0.09152849872075987,0.08357903239703969,0.07332588681831483,0.07363231664708964,0.06399472978567396,0.08004556282032435,0.07799261437911881,0.07222713878073991
-0.30869139489716535,-0.0383848700524412,0.02809976615063464,0.01158531955896642,-0.026900325309113116,0.08861413347394162,0.06884739413738107,0.05327761018313682,-0.2752363002693993,-0.3274432269045096,-0.35037795562155694,-0.3110564274659995,-0.3054216523812903,0.041371594287115364,0.7372771289686689,0.4244253263321422,0.7473031846052172,0.6499028344795511,0.9895845889359353,0.6887111011723779,1.0,0.9892997094354375,0.8508746177798014,0.48385469606984766,0.858896937322514,0.8523746004658331,-0.30741823058873075,0.20549369455207933,0.31276403367841127,0.33014694815360995,0.061744788141239626,0.05072993904150829,0.273121742753627,0.27299466987326004,0.05730475327767756,0.01515170042175895,0.09579083932769519,0.10536365640209128,0.06938203908403509,0.06827851750821404,0.07044576286726159,0.05562546866749962,0.05056268091942038,0.0663031815161821
-0.3140494042997073,-0.03768752383893374,0.023518948907588055,0.007279474423573666,-0.021059907797313177,0.08898946378238239,0.06923732371593153,0.04659187427457093,-0.2622119671753881,-0.307334126842262,-0.33151003126404827,-0.29102768279221325,-0.31047040524969355,0.038660263293614355,0.7388127850747772,0.43356176709792876,0.7492105610030371,0.6570868281714051,0.996378832828218,0.7027614110717196,0.9892997094354375,1.0,0.8492762693200726,0.48172091432144337,0.849755276458308,0.850716868168191,-0.3126311472299615,0.20638727671513576,0.32459966466955303,0.3425855186461321,0.07939314344067948,0.06342740530715592,0.2902783593819221,0.29077811290798067,0.07594800374477009,0.014253277810902428,0.09694850722649129,0.10730574871278258,0.0708934770970821,0.06981158565413069,0.0721034799453806,0.054662835096926536,0.04950921106610884,0.0674369682678223
-0.3449775864550266,-0.08872969304526336,0.02931012966800482,0.04590197734373626,-0.049548648969955755,0.13672771743644951,0.11988447114253581,0.04891484592816804,-0.19583369190709465,-0.25482716642897096,-0.2876969480494784,-0.24170683327442513,-0.34130849135550545,0.08354968385022722,0.7209830318500767,0.40828464204171455,0.7324286899286666,0.6164877114431789,0.8461658868692593,0.4789938769896487,0.8508746177798014,0.8492762693200726,1.0,0.7107359535254544,0.9841141140768421,0.9975401561704784,-0.3414355998421885,0.12954470263791412,0.31711496559907704,0.5267338848311264,0.12627626964675187,0.0576200556074768,0.2851958347550001,0.4770382437392526,0.12372669528753301,0.041787216011593596,0.14290392427518347,0.14894061977866013,0.11833710977250488,0.11565222448006608,0.11833090085823628,0.09713622905798903,0.0913032648162512,0.11196071609833538
-0.04523011271593509,-0.06237796931764423,0.05474239078534824,0.11178904650852053,-0.058793395492284,0.17507933999811037,0.15635202324104322,0.061558787530701375,-0.06316044481548598,-0.12357325312800849,-0.1327252035872215,-0.09917130353664562,-0.04273116606898188,0.07971708428667412,0.5075647712867165,0.45803172243576673,0.4892762945367306,0.4346234925552582,0.49744600740087824,0.5691076778246003,0.48385469606984766,0.48172091432144337,0.7107359535254544,1.0,0.6460908534731427,0.6895371113035251,-0.04168651547730128,0.08589843604286108,0.37723222953254615,0.720826643304832,0.15049844446435892,0.0837348050589086,0.36465584375251886,0.7119677244633097,0.14889088441467924,0.054754760134745055,0.1829180903963176,0.16399143539250383,0.16310905772929715,0.16014896767007067,0.15574886684469766,0.16649653992878843,0.1626428225144611,0.16364362984965825
-0.36431480444122205,-0.1025630672206297,0.03953939676646618,0.04863339890068575,-0.06302707474467974,0.11964395722078765,0.10093523379269267,0.049932287001787534,-0.24057859069036075,-0.2939837502582469,-0.3281287128047565,-0.27294859997442605,-0.3604376932033534,0.08390979976293508,0.7144442100479912,0.3913643950700891,0.7323052938389585,0.6264917144022168,0.8434822304387266,0.4497450171635662,0.858896937322514,0.849755276458308,0.9841141140768421,0.6460908534731427,1.0,0.9880802467309103,-0.36059528706155497,0.13347924029050925,0.31381885635938417,0.5015728157423982,0.11189277620567357,0.019822921908928894,0.2737181505580125,0.4351948526099755,0.10852724270468642,0.035961513682772304,0.12370090609426623,0.13107141905371508,0.0976402556937353,0.09479468929505357,0.09812157911145619,0.08039539714785794,0.07498813309370543,0.09403233760391269
-0.3580058325926408,-0.08979531969075924,0.027558560919460115,0.04050942536508379,-0.05000493710905361,0.1351963730983413,0.11890162792802084,0.04719485702831252,-0.20735956532059352,-0.26309402826404693,-0.2973040177235238,-0.2541887989401247,-0.35420507871856555,0.0831641855259036,0.7181124296636525,0.397508584437077,0.7320488475113774,0.6232495419209905,0.8461574799392703,0.461451331046653,0.8523746004658331,0.850716868168191,0.9975401561704784,0.6895371113035251,0.9880802467309103,1.0,-0.35442732949477984,0.13049305014804863,0.3129307035557533,0.5160640895296659,0.12482423396136835,0.04911721483471599,0.2803704256689479,0.4654484524341493,0.12215590796241532,0.040933025208336755,0.1412666168212718,0.14813011291757872,0.11678642235840146,0.11404245994272066,0.11709565091829258,0.09535950466273448,0.08953011594841091,0.11039808573785971
0.9981118748849036,0.03629015646938277,0.020738102936392874,0.03264553402782756,0.07254839456692656,0.1374626534856253,0.13853354492358547,-0.010980182557728119,0.36333330647160555,0.3194052778058158,0.3377614354205076,0.18909932671618,0.9945540471089064,-0.032942146890457685,-0.3345340045463095,-0.08789656250583652,-0.31981147355213946,-0.29350424739197806,-0.30256906663167926,-0.016302631114389732,-0.30741823058873075,-0.3126311472299615,-0.3414355998421885,-0.04168651547730128,-0.36059528706155497,-0.35442732949477984,1.0,0.11478029490233099,0.03103138295752283,0.04183722649401787,0.05346976694494231,0.28498268310152086,0.08045548788413609,0.10969986525653541,0.05903597632576369,-0.006285238616110132,0.13611954412877203,0.11714567679676982,0.1774847967491039,0.1778894061552095,0.15230042451515372,0.24932725538621217,0.24558895235130201,0.19659167748199594
0.11664448861437814,0.692724522624385,-0.002277885633248966,0.03678112454586925,0.046230024842848036,0.044135808755344896,0.04358654473487032,-0.03297875437594949,-0.25540752861753774,-0.2844163994261754,-0.28819668862666187,-0.3084242636457195,0.12260098463522395,-0.039795569714496576,0.15916754168225133,0.15023919375022127,0.19760235294913203,0.24265013839544514,0.2067727019621941,0.20146140870120569,0.20549369455207933,0.20638727671513576,0.12954470263791412,0.08589843604286108,0.13347924029050925,0.13049305014804863,0.11478029490233099,1.0,0.15214258688681262,0.16468426401555264,0.03593609381126423,0.5166726584405615,0.13812781660040574,0.1449696758200978,0.02959852258399292,-0.03056365339071974,0.05239832861305783,0.053050403060231635,0.02521735063781532,0.02506603037604318,0.03219248874284859,0.07110071333510365,0.06425075931918856,0.060067461945197125
0.02558364659174104,-0.07252438265003944,0.43965492499855907,0.07508931115243773,-0.06408228990354149,0.09559789431406755,0.0378064530637396,0.05453444092778585,-0.14681256973737733,-0.17204059534339325,-0.17154974625117472,-0.1597111443600316,0.02670534377847364,0.12509514098918983,0.6326082922175894,0.7518647863665031,0.6409741628669038,0.6294850752648448,0.32748464818270623,0.381980543964357,0.31276403367841127,0.32459966466955303,0.31711496559907704,0.37723222953254615,0.31381885635938417,0.3129307035557533,0.03103138295752283,0.15214258688681262,1.0,0.47905938218107474,0.1557753262564495,-0.016929235884756193,0.978524571169031,0.4467726121235059,0.15342853066394635,0.09968589463761698,0.09713663130231873,0.05590997952720772,0.0632682820507779,0.055984274796589774,0.0498097545399469,0.07949548782505125,0.07460863394962244,0.0700613356232433
0.03711078932102298,-0.10587292599302221,0.11174576335491951,0.28035337469178423,-0.04780710075887813,0.15177938798350488,0.12866307267514507,0.012530870093980911,-0.11260974368136263,-0.14287383347847774,-0.1537969556118594,-0.16664963180048703,0.04064700671732618,0.044137271865672685,0.3564705165227354,0.34731186908669076,0.3613819576200706,0.3575345677445518,0.34402912689602155,0.3728628254582576,0.33014694815360995,0.3425855186461321,0.5267338848311264,0.720826643304832,0.5015728157423982,0.5160640895296659,0.04183722649401787,0.16468426401555264,0.47905938218107474,1.0,0.22925059202562673,0.015249682122195999,0.46492605766747025,0.9658157626106614,0.2260497204518322,0.020859927581807165,0.15838378959925617,0.1351070500746213,0.13443976981418523,0.13194093555835737,0.1294323977308302,0.1565012587635235,0.15338035855465726,0.15446979797561272
0.05087045597750555,-0.084619601174226,-0.01787465225593439,-0.03684504257690416,0.11674840349851842,0.06201180880930871,0.06610527971321761,-0.04660025908210118,-0.0327659441822961,-0.05978973580792199,-0.06739682303194915,-0.14835247185106054,0.05009860997351043,0.004970234830915911,0.09679282099960856,0.0952836544619575,0.11959341221167646,0.11722125725134343,0.0718319518607916,0.05639344006600924,0.061744788141239626,0.07939314344067948,0.12627626964675187,0.15049844446435892,0.11189277620567357,0.12482423396136835,0.05346976694494231,0.03593609381126423,0.1557753262564495,0.22925059202562673,1.0,-0.014959972331628883,0.15263890793545923,0.2310160243734798,0.9974471530513342,0.007578763776570197,0.06718954735571803,0.07059365731906868,0.058981222329771245,0.05934418136605498,0.049647360514524445,0.07089764276134516,0.06897723231075087,0.061925794231386694
0.28790845497561657,0.5844390961092404,0.013804719683337576,0.012723300543538995,0.02919459549628992,0.04980855428867603,0.07967346134966484,-0.08675031972106961,0.6190711169790115,0.5768365300435986,0.5627245337258576,0.41841705129852114,0.2923408446247881,-0.05577571961802913,-0.007016405226906955,0.016932079473785326,-0.03797035648068415,-0.20200317667019152,0.07470403704355606,0.11862638054129623,0.05072993904150829,0.06342740530715592,0.0576200556074768,0.0837348050589086,0.019822921908928894,0.04911721483471599,0.28498268310152086,0.5166726584405615,-0.016929235884756193,0.015249682122195999,-0.014959972331628883,1.0,0.043040766138922215,0.09754601644849889,-0.009567766170595422,-0.05977674542888797,0.04503999197262862,0.06348181946370694,0.08304902458526102,0.08686248971178845,0.08550256584003299,0.08376102052992983,0.08301542754977029,0.08307951140541682
0.0755543666782943,-0.0624383446536556,0.4245499972776345,0.077687742281571,-0.05099349481854772,0.0947039360360636,0.041201715435305535,0.03996804168417675,-0.05129594132648419,-0.07742403641086668,-0.07831920736102821,-0.08363687584228448,0.07627672475341302,0.10334991668941379,0.6129892720373945,0.7480102599206736,0.6144519779026885,0.6067840900592399,0.294407790878966,0.36757317623744445,0.273121742753627,0.2902783593819221,0.2851958347550001,0.36465584375251886,0.2737181505580125,0.2803704256689479,0.08045548788413609,0.13812781660040574,0.978524571169031,0.46492605766747025,0.15263890793545923,0.043040766138922215,1.0,0.4624948364485682,0.15313877184931743,0.0777267211761139,0.09454225045441168,0.05586943734168627,0.06719316001135697,0.06089015443664383,0.054614230087709215,0.08244192006065416,0.07788998913009099,0.07337374694586887
0.10536630095208131,-0.09586320514609979,0.10017061802327017,0.26549490611680365,-0.03411510875958919,0.1548474778160343,0.14086989367501704,-0.009534026860744052,0.018194078375070536,-0.01308236676434676,-0.025517878612910643,-0.06638534360697362,0.10839356983830349,0.027325783582453446,0.30476027002462464,0.3084598764145863,0.30279669523319375,0.2844400917871459,0.2942199098129927,0.3455676578089005,0.27299466987326004,0.29077811290798067,0.4770382437392526,0.7119677244633097,0.4351948526099755,0.4654484524341493,0.10969986525653541,0.1449696758200978,0.4467726121235059,0.9658157626106614,0.2310160243734798,0.09754601644849889,0.4624948364485682,1.0,0.23204371573841082,0.0050033627722811495,0.15939662779286548,0.1414416206538059,0.14612065657709258,0.14476982878163602,0.14163871802183334,0.1655784753677264,0.16315261151344293,0.16470864012907102
0.05639927101384623,-0.08754223759051677,-0.019609875199902812,-0.038355160195764924,0.11579288186534205,0.06259767604282723,0.06640737902792623,-0.047629164648609446,-0.019151359466564963,-0.04547921509253771,-0.05294516563204826,-0.12916125140237505,0.05550134926661635,0.003028430992770857,0.09322267290204572,0.09159971101649836,0.11418084969559997,0.11032542293948853,0.06851947624207332,0.0548627874619164,0.05730475327767756,0.07594800374477009,0.12372669528753301,0.14889088441467924,0.10852724270468642,0.12215590796241532,0.05903597632576369,0.02959852258399292,0.15342853066394635,0.2260497204518322,0.9974471530513342,-0.009567766170595422,0.15313877184931743,0.23204371573841082,1.0,0.005047290698135273,0.06743071616343717,0.07084521201359717,0.060146948771148755,0.060536225288268235,0.05081452925707891,0.07145229625988657,0.06951705345685565,0.06281669293369778
-0.014472020388056527,-0.06326962083660616,0.12294481896832352,-0.05604327223796051,-0.17125569987364211,0.2194481751747518,0.1591976347311808,0.18915689882924253,-0.052003554863642616,-0.06023818531288563,-0.06561835377021026,-0.06549046273183456,-0.007768783857357822,0.5730872921225314,0.05814245875792379,0.07408633310218407,0.06517893994671063,0.047876564906606994,0.015109054463015937,0.010241569994507281,0.01515170042175895,0.014253277810902428,0.041787216011593596,0.054754760134745055,0.035961513682772304,0.040933025208336755,-0.006285238616110132,-0.03056365339071974,0.09968589463761698,0.020859927581807165,0.007578763776570197,-0.05977674542888797,0.0777267211761139,0.0050033627722811495,0.005047290698135273,1.0,0.23352715733202004,0.16986869823584702,0.16694919518528398,0.14594858140443223,0.15149547654553208,0.154822436638903,0.14568945126624067,0.15221019566078642
0.12938834534476187,-0.060905464054626865,0.06032786703780097,-0.02244245168504136,-0.10324261860147133,0.9931897115566828,0.8874744107574407,0.11985403366808225,0.0030577858688886424,-0.024505801462891712,-0.02059460075455368,-0.016220956726108272,0.1363022425857357,0.27164475607056715,0.0806368024669898,0.08155261258174143,0.09678896969380432,0.09151293917418712,0.09640174957056809,0.09152849872075987,0.09579083932769519,0.09694850722649129,0.14290392427518347,0.1829180903963176,0.12370090609426623,0.1412666168212718,0.13611954412877203,0.05239832861305783,0.09713663130231873,0.15838378959925617,0.06718954735571803,0.04503999197262862,0.09454225045441168,0.15939662779286548,0.06743071616343717,0.23352715733202004,1.0,0.8740268920402297,0.9118172942598309,0.9033686301720578,0.9069456622628272,0.9035828543829079,0.8983275989443019,0.9048692850811461
0.11104268364908816,-0.04994723089118276,0.014620815828329909,-0.02116168569454853,-0.0886953208565982,0.8677993353595317,0.9629281177260824,0.09044385786236406,0.014513226752844291,-0.012087698077098337,-0.010189796100723049,-0.006066139666314468,0.11908785763065566,0.20025086390274807,0.0732152211783138,0.056051086964225984,0.08921981748552572,0.06941517779458029,0.10667304902890416,0.08357903239703969,0.10536365640209128,0.10730574871278258,0.14894061977866013,0.16399143539250383,0.13107141905371508,0.14813011291757872,0.11714567679676982,0.053050403060231635,0.05590997952720772,0.1351070500746213,0.07059365731906868,0.06348181946370694,0.05586943734168627,0.1414416206538059,0.07084521201359717,0.16986869823584702,0.8740268920402297,1.0,0.9201878474924964,0.9216953511674749,0.9173628740435653,0.9041748262942148,0.9065838277874654,0.9107556216314
0.17127278691176456,-0.06042567589874292,0.033213747408184675,-0.016093405771561674,-0.10194460756551918,0.9173855696818541,0.9343703129411021,0.10154820746403995,0.06666633831182789,0.043376882237515256,0.04847429773015319,0.04913305420638172,0.17772708518142832,0.2091129717382611,0.04477663045613982,0.048793636804503944,0.05583582532089991,0.03390151510646768,0.07174528775141624,0.07332588681831483,0.06938203908403509,0.0708934770970821,0.11833710977250488,0.16310905772929715,0.0976402556937353,0.11678642235840146,0.1774847967491039,0.02521735063781532,0.0632682820507779,0.13443976981418523,0.058981222329771245,0.08304902458526102,0.06719316001135697,0.14612065657709258,0.060146948771148755,0.16694919518528398,0.9118172942598309,0.9201878474924964,1.0,0.9981822734560297,0.9859278567344879,0.972184035484211,0.9720114721678939,0.9702562614274539
0.17220360298365697,-0.05819917706183407,0.026489525560832644,-0.013542037590496419,-0.09495790305096197,0.90894491153816,0.9356043845641487,0.09401488957376197,0.07120739748490743,0.04793282742485204,0.05289020218188906,0.05296222484444818,0.1782684063599677,0.19145668100646088,0.041151962085615,0.04445921468411425,0.05150228247532588,0.028469008651532398,0.07079992472298328,0.07363231664708964,0.06827851750821404,0.06981158565413069,0.11565222448006608,0.16014896767007067,0.09479468929505357,0.11404245994272066,0.1778894061552095,0.02506603037604318,0.055984274796589774,0.13194093555835737,0.05934418136605498,0.08686248971178845,0.06089015443664383,0.14476982878163602,0.060536225288268235,0.14594858140443223,0.9033686301720578,0.9216953511674749,0.9981822734560297,1.0,0.9873260559323248,0.971501300930469,0.9727313370088653,0.970991662774579
0.14657924400874267,-0.05369110080612779,0.018950946271052586,-0.014166572472503778,-0.08959627532246489,0.911091856374109,0.9452596599977637,0.10088707671254005,0.062665638979749,0.03787088179374635,0.045228269502086874,0.05233359714527031,0.15274419719732682,0.19451865597756385,0.0394948529499359,0.03520128456691915,0.049900507997827394,0.033690464795933024,0.07192615999689153,0.06399472978567396,0.07044576286726159,0.0721034799453806,0.11833090085823628,0.15574886684469766,0.09812157911145619,0.11709565091829258,0.15230042451515372,0.03219248874284859,0.0498097545399469,0.1294323977308302,0.049647360514524445,0.08550256584003299,0.054614230087709215,0.14163871802183334,0.05081452925707891,0.15149547654553208,0.9069456622628272,0.9173628740435653,0.9859278567344879,0.9873260559323248,1.0,0.9613306248019643,0.9634766973079123,0.9845234474453637
0.2433380052016373,-0.058434796405383425,0.03178536474777118,-0.014359135472945364,-0.09179597174609999,0.9041389335747975,0.920986586080078,0.11298929525890014,0.04436134171197052,0.00925670119276779,0.016450641642438448,0.01195536749510791,0.24926430807162203,0.19756540793488803,0.025580657432171326,0.05036025526574157,0.04489053563626444,0.04579638317034218,0.0545403252268837,0.08004556282032435,0.05562546866749962,0.054662835096926536,0.09713622905798903,0.16649653992878843,0.08039539714785794,0.09535950466273448,0.24932725538621217,0.07110071333510365,0.07949548782505125,0.1565012587635235,0.07089764276134516,0.08376102052992983,0.08244192006065416,0.1655784753677264,0.07145229625988657,0.154822436638903,0.9035828543829079,0.9041748262942148,0.972184035484211,0.971501300930469,0.9613306248019643,1.0,0.9978395450335718,0.9787472046406513
0.23977284154706513,-0.063529601235867,0.028674958691047723,-0.012395752416338448,-0.091709278339966,0.8996901185407988,0.9255468262886177,0.11130711652917887,0.04944158029778015,0.014780018953285162,0.022470543757872958,0.01897878876721155,0.24559139113413722,0.19017937799318935,0.020789687661807183,0.0457973566374844,0.03911666033725073,0.038948232494504985,0.04958550258194667,0.07799261437911881,0.05056268091942038,0.04950921106610884,0.0913032648162512,0.1626428225144611,0.07498813309370543,0.08953011594841091,0.24558895235130201,0.06425075931918856,0.07460863394962244,0.15338035855465726,0.06897723231075087,0.08301542754977029,0.07788998913009099,0.16315261151344293,0.06951705345685565,0.14568945126624067,0.8983275989443019,0.9065838277874654,0.9720114721678939,0.9727313370088653,0.9634766973079123,0.9978395450335718,1.0,0.981435947399802
0.19057342861772314,-0.06636762627675513,0.0201953322864368,-0.01033100969499926,-0.08563086592434874,0.9049210043392415,0.9382301578169631,0.10847539893135563,0.046018796871902044,0.01476850250517534,0.024374623381093197,0.03240881910293815,0.19672898606070374,0.1931996075327967,0.03558229719131084,0.044470071233636624,0.04981249129118232,0.04509477516679198,0.06655915817867779,0.07222713878073991,0.0663031815161821,0.0674369682678223,0.11196071609833538,0.16364362984965825,0.09403233760391269,0.11039808573785971,0.19659167748199594,0.060067461945197125,0.0700613356232433,0.15446979797561272,0.061925794231386694,0.08307951140541682,0.07337374694586887,0.16470864012907102,0.06281669293369778,0.15221019566078642,0.9048692850811461,0.9107556216314,0.9702562614274539,0.970991662774579,0.9845234474453637,0.9787472046406513,0.981435947399802,1.0
