1.0,-0.006650299220704084,0.028017393528424563,0.12056214152431512,0.042441614686849684,0.239672423937903,0.22160835721015232,-0.012166740326854046,-0.029200291076245406,-0.10380910493021532,-0.10844565393286258,-0.1816287968958289,0.9932266311384608,-0.0192066299544318,0.07543946245738753,0.1815125542138341,0.09088792322403072,0.12019832931429347,-0.00013665475248112127,0.2759454418110918,-0.01195076011650242,-0.010727187778951505,-0.0314131976903221,0.18253186163109902,-0.05098260822961871,-0.04034368055459421,0.997573066916883,0.3031307035760501,0.14991578261778069,0.2447817066229837,0.20948266469473192,0.14998120136277626,0.13897108746166784,0.21718644619099958,0.20096133493860724,0.029519363193476682,0.2415755977429308,0.20509581303670768,0.24115615160803683,0.23923765909742883,0.23975243652760045,0.35718183014612503,0.35188522656356824,0.3119876256126862
-0.006650299220704084,1.0,0.11477593194437863,0.049887654895884204,0.01970695210553884,-0.0891176130786598,-0.07825278361548754,-0.08078094672910786,0.027319709971085668,0.032614791788566036,0.03109592567972737,0.026447145227191635,-0.003920667091716567,-0.042389568561071664,-0.05827602896670026,-0.014651326523038053,-0.06165502282521755,-0.06944637254665847,-0.012377318743527302,0.022152039169191992,-0.009931841781582679,-0.013173361869517678,-0.07401386475669895,-0.036551665638746095,-0.06821969147330281,-0.06958861806446712,-0.010993244436621375,0.6797636445858845,-0.058814003860558295,-0.10553709651839642,-0.11754246990321578,0.5736492597214707,-0.061896270546317425,-0.10362278597351764,-0.11986318841579072,-0.03373391680984085,-0.07923389025726668,-0.05712684552206449,-0.08123394913774111,-0.08046267940085614,-0.07788576764943966,-0.09201913287655185,-0.10161918984366877,-0.10564384496920556
0.028017393528424563,0.11477593194437863,1.0,0.16170246794466786,-0.052919612560208114,0.08457655604299624,0.03680621990517782,0.04466080198175518,-0.0047595167644584775,-0.012641634495384609,-0.01453650400389984,-0.023715573629196726,0.032172996690086046,0.13548955792820103,0.2416345138269675,0.2948676321090893,0.247167508628336,0.21197971519002515,0.06204075322152805,0.11099826572858532,0.05954577088925783,0.060440271663862614,0.019073084538605352,0.06478034802383195,0.018236308809513154,0.020269963220250695,0.03354163273912726,0.06459045226590897,0.4168664840992701,0.07508339552426044,-0.061993428160160555,0.024497415159816485,0.39778002358775266,0.07699000075390433,-0.06282371837058752,0.12615055240145867,0.09408013394957103,0.06439833615987121,0.06046084113967693,0.054153321272205415,0.05104476224605527,0.04854720706507305,0.044083929442450466,0.039967424805625866
0.12056214152431512,0.049887654895884204,0.16170246794466786,1.0,0.03348186441496945,0.02991045032511306,0.029344151925577443,-0.044175488197049924,-0.04769688909763291,-0.05408301674578004,-0.05096272982927202,-0.0424941736916041,0.12089669605901553,-0.06953244324512613,0.057568617250550194,0.09243328725643793,0.06686304482163727,0.06717535032704047,0.04174200917199884,0.10372410918608163,0.044045825583630537,0.04055630543680027,0.12220574921319448,0.20056263166595203,0.12309506391585477,0.11733810589968009,0.12083358234224179,0.05603985072821748,0.0766059590769133,0.3174791503635927,0.05551733839174552,0.011581709075243031,0.07016634949454614,0.2886828845613765,0.05386841183084525,-0.032872045511270584,0.0327980124042345,0.014485020405294896,0.02072068804601828,0.023040728221560985,0.029458339072284324,0.0658595878300969,0.06744201883687141,0.058727223067189575
0.042441614686849684,0.01970695210553884,-0.052919612560208114,0.03348186441496945,1.0,-0.12329052137647606,-0.09789868569994754,-0.5320909206140408,0.05418973062649476,0.0523835255247303,0.04385351227648101,0.016183744908874604,0.03938694990163675,-0.25042684694015044,-0.013011584258203238,-0.0036752810249634027,-0.015133527887280026,-0.03915532324468801,0.00527334493963473,0.03294681013316238,-0.0028327805244036464,0.003993038229438045,-0.03486399240119752,-0.034905440729348494,-0.04080626343005043,-0.028875826870900255,0.0387180004394891,0.04787118866895913,-0.00987563365184557,-0.006356555709706952,0.14008134478307424,0.07582115160510643,-0.0006749575331816098,0.008110077975739193,0.13638273788909394,-0.19305255546979216,-0.11865881486964909,-0.0920841520402138,-0.10635889282020164,-0.09914628434836287,-0.08833273196233342,-0.10341297184802326,-0.10321110120953896,-0.09185366755267581
0.239672423937903,-0.0891176130786598,0.08457655604299624,0.02991045032511306,-0.12329052137647606,1.0,0.8854667443836719,0.10385588998868474,-0.03587346399753341,-0.07044641045194758,-0.060096423239639485,-0.06399896093513555,0.24690242462528267,0.270032719559572,0.10279129072926958,0.07770142521519485,0.1194903960526042,0.13275431182780428,0.06686931048998178,0.06240618633712158,0.07057000923004572,0.06575242416155214,0.13892510535847552,0.1486409534975937,0.1343472315570529,0.13560095373692357,0.24757310594822687,0.02384204146550453,0.10687004357377979,0.1963683300408833,0.14525039318700603,-0.015170930328404263,0.09910667431443156,0.1761791196895737,0.14779186941446942,0.23071549730258287,0.9896684538777091,0.8458143121798155,0.9168180460237393,0.9080665878303357,0.9104348389424072,0.8977447487613244,0.894793993157502,0.902742299005343
0.22160835721015232,-0.07825278361548754,0.03680621990517782,0.029344151925577443,-0.09789868569994754,0.8854667443836719,1.0,0.09185412598686696,-0.039926535866600915,-0.07278865991889275,-0.06268351433906456,-0.0737175403040303,0.229697729353865,0.21857475645051339,0.06552003372040992,0.039978288254889534,0.0899768689757954,0.10939117493125153,0.051410853255901015,0.04408918419642347,0.05619513657663126,0.05076031109060539,0.12717403256802012,0.13026080388420253,0.12169169589338194,0.12324298874916594,0.22815052774220038,0.0334062646727503,0.06879250256224766,0.18128141665184969,0.1518524633754129,-0.011331853551704543,0.0611317758953511,0.16234325033724784,0.15449734137113658,0.18334265009763817,0.8825560336654474,0.9564046893875404,0.9221659379350549,0.9226957656775502,0.9332361319460827,0.9003902598635349,0.9057636495335004,0.9192455856584517
-0.012166740326854046,-0.08078094672910786,0.04466080198175518,-0.044175488197049924,-0.5320909206140408,0.10385588998868474,0.09185412598686696,1.0,-0.006627696931158366,-0.03304232122281592,-0.03697525603602489,-0.05605066145120773,-0.0071897425667408815,0.2243585483960257,0.04390345715030505,0.02877975114677742,0.06113071892536448,0.05572695698061304,0.03400061020278669,0.01914872430789443,0.038264001359272916,0.03357895487132954,0.06080744683125936,0.05489864459752814,0.05783655946981609,0.05802852367013367,-0.007384157129325212,-0.0691655894289685,0.01944128605917955,0.025351417360221323,-0.012655921336360171,-0.04627049688530061,0.011415324942435048,0.013001207523969351,-0.016699164288197454,0.19295555938667466,0.10092248317098237,0.08168787343135409,0.09190874429214867,0.08372784327199587,0.08002911797569821,0.09735729053886484,0.09505473609764364,0.08763522439169165
-0.029200291076245406,0.027319709971085668,-0.0047595167644584775,-0.04769688909763291,0.05418973062649476,-0.03587346399753341,-0.039926535866600915,-0.006627696931158366,1.0,0.9385209348408504,0.9093635166381293,0.7284174772456921,-0.031223077635988854,-0.013204723054560196,0.1124707020355167,0.17591770463761833,0.02782977055240571,-0.2718644806752554,0.11411553936406676,0.1366355859462027,0.09291828026853373,0.10421375611579667,0.0988063453650625,0.13883098285526377,0.02705086306036975,0.07840912951960065,-0.03133245123188145,-0.15964986168076914,-0.02477934389684911,-0.09232310109833708,-0.0024777221272144845,0.6153831036463219,0.05102103869745519,0.02694185517535518,0.012636732349194317,-0.01781597778267567,-0.03603947341625182,-0.02494056133786125,-0.01150824058801336,-0.0077233667259546425,-0.028115813332872972,-0.06930314211800911,-0.0676292670708847,-0.06363370700066
-0.10380910493021532,0.032614791788566036,-0.012641634495384609,-0.05408301674578004,0.0523835255247303,-0.07044641045194758,-0.07278865991889275,-0.03304232122281592,0.9385209348408504,1.0,0.9774285783407649,0.8230088080405693,-0.10559220268385408,-0.01733603585977301,0.032171309971198145,0.1290531011395629,-0.052421143741301024,-0.3468480840300808,0.028496656664640532,0.07082325397614907,0.00765562670797733,0.02527804377892199,0.023211138592310422,0.09059932712656942,-0.047273986420944436,-0.00025642694592979324,-0.10622680297570944,-0.19930179281778893,-0.07079493542099459,-0.13833976919079907,-0.04625773984349862,0.5451190802811418,0.005377858392802938,-0.01887309179747992,-0.029171407403567162,-0.02286110541329199,-0.07341877742963696,-0.056105517402020064,-0.036060587976564244,-0.0319711153425576,-0.054706706648831725,-0.11225464178974333,-0.10962664764652703,-0.10325744206783288
-0.10844565393286258,0.03109592567972737,-0.01453650400389984,-0.05096272982927202,0.04385351227648101,-0.060096423239639485,-0.06268351433906456,-0.03697525603602489,0.9093635166381293,0.9774285783407649,1.0,0.8770179313884171,-0.10984965028768218,-0.013392221218949027,0.036424896278021084,0.13088553082056614,-0.05502632584189085,-0.34072421490771776,0.009445039498603335,0.052101311969263965,-0.006698603344961633,0.00813277774866355,0.014995216562228117,0.07890006599219866,-0.05585502647848282,-0.013285947510212812,-0.11061997139333998,-0.2089753544006412,-0.06774837426717467,-0.1431558707561228,-0.06299187011368922,0.5242023914045701,0.006091411524468391,-0.026310633981979165,-0.042513809623889044,-0.02782243286139425,-0.06486818538360649,-0.04904220805650402,-0.02581394719564663,-0.021880854508499244,-0.04174681265136916,-0.09897838374485565,-0.09640257601269274,-0.0890728894245676
-0.1816287968958289,0.026447145227191635,-0.023715573629196726,-0.0424941736916041,0.016183744908874604,-0.06399896093513555,-0.0737175403040303,-0.05605066145120773,0.7284174772456921,0.8230088080405693,0.8770179313884171,1.0,-0.1823445218423599,-0.013142685840809968,-0.026776405967310114,0.0908096151335115,-0.13754203983278976,-0.37302913488874023,-0.07957642071586694,-0.029371131394045347,-0.08712419696937293,-0.0776019029513537,-0.06595996002117115,0.02277844170364304,-0.112368301941972,-0.08508877659476453,-0.18355933210567327,-0.24364105378554948,-0.08004125593415559,-0.17059499827229388,-0.14814109215784074,0.37784673970062194,-0.018932945828897752,-0.07521968302040573,-0.12416504730546658,-0.052544720493885845,-0.07737910956046347,-0.06877474941942743,-0.0348057889067544,-0.031440742497033526,-0.04511341926621689,-0.10266377462292427,-0.09931346417644189,-0.08848217354577599
0.9932266311384608,-0.003920667091716567,0.032172996690086046,0.12089669605901553,0.03938694990163675,0.24690242462528267,0.229697729353865,-0.0071897425667408815,-0.031223077635988854,-0.10559220268385408,-0.10984965028768218,-0.1823445218423599,1.0,-0.009208057396602513,0.07602139971886758,0.18061812275179231,0.0919716112039847,0.12188464610538965,0.0025779226821346234,0.27598515266110407,-0.00922598030195691,-0.007846672390971296,-0.02858409585842259,0.1839283911375192,-0.04816060418383938,-0.03747420472258942,0.9954498836036847,0.3070645141257723,0.15174008949061848,0.2462663695341313,0.2084529281517747,0.15321166327478458,0.1405112187163237,0.2187883936872434,0.20022953387189965,0.03826025558112148,0.24893833810226,0.21291539203211263,0.24767889309902152,0.2453257704837049,0.24579709359892726,0.36218109395906367,0.35675144874264464,0.3172283008678052
-0.0192066299544318,-0.042389568561071664,0.13548955792820103,-0.06953244324512613,-0.25042684694015044,0.270032719559572,0.21857475645051339,0.2243585483960257,-0.013204723054560196,-0.01733603585977301,-0.013392221218949027,-0.013142685840809968,-0.009208057396602513,1.0,0.03769404820170024,0.027044661614977195,0.03983557860601985,0.03812534359705791,-0.019939003565001584,-0.05162994743886596,-0.015208213810219794,-0.019158325131103025,0.010538800506566099,0.013680678902397363,0.008999642098415273,0.007971664412413643,-0.008674957362128838,-0.04111874162290395,0.061818143268275685,-0.010538429839288797,-0.036490567298946903,-0.045607329621966536,0.049111627502120815,-0.011775670178764106,-0.03472978818998492,0.5941839653795977,0.26926733583867507,0.21031910719936514,0.2144540086678535,0.1957319395253865,0.19996024570510468,0.18646639011142466,0.17851075934113958,0.18700169841224737
0.07543946245738753,-0.05827602896670026,0.2416345138269675,0.057568617250550194,-0.013011584258203238,0.10279129072926958,0.06552003372040992,0.04390345715030505,0.1124707020355167,0.032171309971198145,0.036424896278021084,-0.026776405967310114,0.07602139971886758,0.03769404820170024,1.0,0.8502821604207307,0.9296478581378677,0.7577207912224311,0.6052709336886892,0.4634635321118477,0.5950844383139757,0.6004609821715645,0.5763637838335789,0.5065445169714909,0.5684641347371193,0.5754297790788342,0.07837913618812967,0.09648543369107222,0.6966762084730769,0.39072755082222355,0.17813985060280824,0.21441346792447138,0.6927324532398922,0.38487897920989045,0.18340233223869598,0.010924658320480026,0.09848215102994973,0.06038266555959668,0.07975164799515765,0.07820832844655122,0.07974374938329337,0.10316976088268233,0.09743420135517929,0.10217112060522257
0.1815125542138341,-0.014651326523038053,0.2948676321090893,0.09243328725643793,-0.0036752810249634027,0.07770142521519485,0.039978288254889534,0.02877975114677742,0.17591770463761833,0.1290531011395629,0.13088553082056614,0.0908096151335115,0.18061812275179231,0.027044661614977195,0.8502821604207307,1.0,0.8473097895898876,0.6261173851842414,0.4062473698365196,0.4880623606122008,0.38831387495408975,0.3978260560932713,0.38386462965606377,0.49292909028006215,0.3632628552529088,0.3806459882588596,0.1831821377816364,0.09142828193353635,0.741542752199193,0.3696318676737238,0.15500632511890056,0.23456451515153195,0.7382141979309247,0.3725195344383982,0.16005640585135977,0.025826058946315178,0.07738892731199047,0.03823683764929518,0.06192256499069612,0.05941995940121311,0.05821736249542871,0.09109885658805318,0.08685353969262939,0.08145607388602732
0.09088792322403072,-0.06165502282521755,0.247167508628336,0.06686304482163727,-0.015133527887280026,0.1194903960526042,0.0899768689757954,0.06113071892536448,0.02782977055240571,-0.052421143741301024,-0.05502632584189085,-0.13754203983278976,0.0919716112039847,0.03983557860601985,0.9296478581378677,0.8473097895898876,1.0,0.8448670052155376,0.6275608729450224,0.43332721467599156,0.6230021207845313,0.6253644746810114,0.6286552295260827,0.48465529554712306,0.6269765564045504,0.6321987384811698,0.09455712713643914,0.12724098773581755,0.6956336073877865,0.4071291602334742,0.1995215216309655,0.18453133091208912,0.6874747964696608,0.3956458862772352,0.20298178863645866,0.019769261013386552,0.11965713098694797,0.08604723286629914,0.09613774193384114,0.09372278342790469,0.098376679184865,0.13010367112090526,0.12391554092704109,0.12778529294966037
0.12019832931429347,-0.06944637254665847,0.21197971519002515,0.06717535032704047,-0.03915532324468801,0.13275431182780428,0.10939117493125153,0.05572695698061304,-0.2718644806752554,-0.3468480840300808,-0.34072421490771776,-0.37302913488874023,0.12188464610538965,0.03812534359705791,0.7577207912224311,0.6261173851842414,0.8448670052155376,1.0,0.5279665060614329,0.31509778363255325,0.5233419429000007,0.5300786714965368,0.5337795327224325,0.37995869750874284,0.5507452033323813,0.5425048895119173,0.12419183427921023,0.171136459361938,0.675524132680651,0.4061864199851064,0.17972465593442186,-0.008429780156743862,0.6676197831146904,0.37436028128755394,0.1814587981878527,0.018885745246773656,0.13495432609453928,0.1095664963953085,0.10200019196097145,0.09819965599662489,0.11425359685192037,0.16044389784982124,0.154597473499956,0.15985442098651104
-0.00013665475248112127,-0.012377318743527302,0.06204075322152805,0.04174200917199884,0.00527334493963473,0.06686931048998178,0.051410853255901015,0.03400061020278669,0.11411553936406676,0.028496656664640532,0.009445039498603335,-0.07957642071586694,0.0025779226821346234,-0.019939003565001584,0.6052709336886892,0.4062473698365196,0.6275608729450224,0.5279665060614329,1.0,0.662404918114608,0.9900151069476811,0.998872603155606,0.7946086677636308,0.46434813078124415,0.7940227008266006,0.7948290982320237,0.002087692886135938,0.20505958577266162,0.35239032791433345,0.35704362540866613,0.13715217546855057,0.31082615428819255,0.34806754532566947,0.3568858916279841,0.14144106635285658,-0.030762149798205667,0.06980798397270746,0.059660545744784695,0.05455887109004124,0.055050370531455534,0.0580537458245083,0.0695181382673279,0.06400855442040236,0.07369976954205626
0.2759454418110918,0.022152039169191992,0.11099826572858532,0.10372410918608163,0.03294681013316238,0.06240618633712158,0.04408918419642347,0.01914872430789443,0.1366355859462027,0.07082325397614907,0.052101311969263965,-0.029371131394045347,0.27598515266110407,-0.05162994743886596,0.4634635321118477,0.4880623606122008,0.43332721467599156,0.31509778363255325,0.662404918114608,1.0,0.6082131712236952,0.650165408156981,0.3718130045750637,0.5333898330915404,0.33163249615875473,0.3541764023788881,0.2752797139056287,0.17995453428981847,0.36829868950981987,0.3976082345243144,0.16721826266039957,0.26661627307970565,0.36883794308360546,0.4005669840048371,0.16669669842386667,-0.014686087241207684,0.07113612442312355,0.052426365910464214,0.056919226650679125,0.05707427385798828,0.05515025076534003,0.10101375961871084,0.09982916642203413,0.08476332210846538
-0.01195076011650242,-0.009931841781582679,0.05954577088925783,0.044045825583630537,-0.0028327805244036464,0.07057000923004572,0.05619513657663126,0.038264001359272916,0.09291828026853373,0.00765562670797733,-0.006698603344961633,-0.08712419696937293,-0.00922598030195691,-0.015208213810219794,0.5950844383139757,0.38831387495408975,0.6230021207845313,0.5233419429000007,0.9900151069476811,0.6082131712236952,1.0,0.9910210547297609,0.8045732508953769,0.4436379465195489,0.8149280078491086,0.806088432520014,-0.009571956122038957,0.20485989696381934,0.3264779065242304,0.3287444456206035,0.1190161122784508,0.2967290455230329,0.31759345649392107,0.32088878100254115,0.12353434886300206,-0.029955741865451878,0.07335429040348329,0.06356498694643482,0.05651661838897996,0.05675612703563709,0.06208081501551891,0.07370236805731728,0.06787696253409205,0.07906281250655414
-0.010727187778951505,-0.013173361869517678,0.060440271663862614,0.04055630543680027,0.003993038229438045,0.06575242416155214,0.05076031109060539,0.03357895487132954,0.10421375611579667,0.02527804377892199,0.00813277774866355,-0.0776019029513537,-0.007846672390971296,-0.019158325131103025,0.6004609821715645,0.3978260560932713,0.6253644746810114,0.5300786714965368,0.998872603155606,0.650165408156981,0.9910210547297609,1.0,0.7983308301418808,0.45923730816380615,0.7992138099121245,0.7989125858443277,-0.008424038957493373,0.2023840372093725,0.34855546585073044,0.3545211840844248,0.13559862954644658,0.3030750190648449,0.3436624865309061,0.3535342352217702,0.14002097389251827,-0.03154347248284643,0.06850752461580102,0.058889322973640544,0.053658501769770196,0.05412357013124353,0.05764858481886059,0.06755354654341154,0.06197490911388851,0.07257490076955649
-0.0314131976903221,-0.07401386475669895,0.019073084538605352,0.12220574921319448,-0.03486399240119752,0.13892510535847552,0.12717403256802012,0.06080744683125936,0.0988063453650625,0.023211138592310422,0.014995216562228117,-0.06595996002117115,-0.02858409585842259,0.010538800506566099,0.5763637838335789,0.38386462965606377,0.6286552295260827,0.5337795327224325,0.7946086677636308,0.3718130045750637,0.8045732508953769,0.7983308301418808,1.0,0.7151340511462553,0.9834425925270986,0.9946911810186098,-0.027359901148354904,0.12779511397482182,0.3197417562805268,0.594062460748291,0.26109761244693214,0.2523732320189299,0.3146433773728022,0.5720242545189771,0.2662516664284214,-0.0005624257333360025,0.13470842733058663,0.10677351791581434,0.11846029359688247,0.11851375181900466,0.1267550878575796,0.14612408916202807,0.1412969711694063,0.15367901885172566
0.18253186163109902,-0.036551665638746095,0.06478034802383195,0.20056263166595203,-0.034905440729348494,0.1486409534975937,0.13026080388420253,0.05489864459752814,0.13883098285526377,0.09059932712656942,0.07890006599219866,0.02277844170364304,0.1839283911375192,0.013680678902397363,0.5065445169714909,0.49292909028006215,0.48465529554712306,0.37995869750874284,0.46434813078124415,0.5333898330915404,0.4436379465195489,0.45923730816380615,0.7151340511462553,1.0,0.6513724908589863,0.6954066058369456,0.1854540924210291,0.11626891949533413,0.3650784426363547,0.7586957627807583,0.3151052529992462,0.23905220345461478,0.36450866290542244,0.7491469251885641,0.3165225991567341,0.038030613692373275,0.1505649665650162,0.11452655131292701,0.1327937615816533,0.1317590540230788,0.13412505425212326,0.17744406568234172,0.17637038722185217,0.1695575633452426
-0.05098260822961871,-0.06821969147330281,0.018236308809513154,0.12309506391585477,-0.04080626343005043,0.1343472315570529,0.12169169589338194,0.05783655946981609,0.02705086306036975,-0.047273986420944436,-0.05585502647848282,-0.112368301941972,-0.04816060418383938,0.008999642098415273,0.5684641347371193,0.3632628552529088,0.6269765564045504,0.5507452033323813,0.7940227008266006,0.33163249615875473,0.8149280078491086,0.7992138099121245,0.9834425925270986,0.6513724908589863,1.0,0.9901825295042338,-0.0470074113474814,0.12928340939757,0.2950963052702487,0.536368572171838,0.2261237071328178,0.207104089002097,0.28338284415515386,0.49936583426952064,0.23206061656057655,-0.007106375197973692,0.12787593534475597,0.09921967806811444,0.11172121163925355,0.1116544118738638,0.12253767084133091,0.14263277113809336,0.13745106271584548,0.15016563382480744
-0.04034368055459421,-0.06958861806446712,0.020269963220250695,0.11733810589968009,-0.028875826870900255,0.13560095373692357,0.12324298874916594,0.05802852367013367,0.07840912951960065,-0.00025642694592979324,-0.013285947510212812,-0.08508877659476453,-0.03747420472258942,0.007971664412413643,0.5754297790788342,0.3806459882588596,0.6321987384811698,0.5425048895119173,0.7948290982320237,0.3541764023788881,0.806088432520014,0.7989125858443277,0.9946911810186098,0.6954066058369456,0.9901825295042338,1.0,-0.036282344475749,0.1338886691072824,0.3169159250710547,0.5852201529840281,0.26200573606846617,0.24439081917124883,0.3109582850437235,0.5624021804169687,0.2671303799332578,-0.003167356441636755,0.1310468098416427,0.10363352142214059,0.11433000400676809,0.11426973149222516,0.12263557429472745,0.1409630441776193,0.13573855102886964,0.1480225451568704
0.997573066916883,-0.010993244436621375,0.03354163273912726,0.12083358234224179,0.0387180004394891,0.24757310594822687,0.22815052774220038,-0.007384157129325212,-0.03133245123188145,-0.10622680297570944,-0.11061997139333998,-0.18355933210567327,0.9954498836036847,-0.008674957362128838,0.07837913618812967,0.1831821377816364,0.09455712713643914,0.12419183427921023,0.002087692886135938,0.2752797139056287,-0.009571956122038957,-0.008424038957493373,-0.027359901148354904,0.1854540924210291,-0.0470074113474814,-0.036282344475749,1.0,0.3009151917453549,0.15462142774193163,0.2480421988697341,0.21081399880846785,0.14664843645191397,0.1431812161233197,0.22035085793749876,0.2023907854501116,0.03858006596864335,0.24955957793774694,0.2115705355463243,0.2480467340082599,0.24556848440617796,0.24596376564987882,0.36309847169167564,0.3576240197697093,0.31801441958420157
0.3031307035760501,0.6797636445858845,0.06459045226590897,0.05603985072821748,0.04787118866895913,0.02384204146550453,0.0334062646727503,-0.0691655894289685,-0.15964986168076914,-0.19930179281778893,-0.2089753544006412,-0.24364105378554948,0.3070645141257723,-0.04111874162290395,0.09648543369107222,0.09142828193353635,0.12724098773581755,0.171136459361938,0.20505958577266162,0.17995453428981847,0.20485989696381934,0.2023840372093725,0.12779511397482182,0.11626891949533413,0.12928340939757,0.1338886691072824,0.3009151917453549,1.0,0.17083545865349023,0.17598276070921298,0.07054904916824846,0.6064528779949452,0.15581038123318092,0.16577894643049804,0.06590774721215625,-0.01411069523850388,0.043801913358381926,0.05961343142900692,0.017602202572539947,0.016347891449029536,0.022223407887305466,0.06673908092271537,0.05579377580030839,0.04728148666916256
0.14991578261778069,-0.058814003860558295,0.4168664840992701,0.0766059590769133,-0.00987563365184557,0.10687004357377979,0.06879250256224766,0.01944128605917955,-0.02477934389684911,-0.07079493542099459,-0.06774837426717467,-0.08004125593415559,0.15174008949061848,0.061818143268275685,0.6966762084730769,0.741542752199193,0.6956336073877865,0.675524132680651,0.35239032791433345,0.36829868950981987,0.3264779065242304,0.34855546585073044,0.3197417562805268,0.3650784426363547,0.2950963052702487,0.3169159250710547,0.15462142774193163,0.17083545865349023,1.0,0.4550515771760751,0.15831508725257543,0.08555629856887488,0.9841342355478342,0.46087205079550325,0.16460445438019877,0.06432100892109284,0.11647776929663528,0.08835835818457195,0.081182905747862,0.07600439200189758,0.07878253654889818,0.10805405542513428,0.10299580803197453,0.10552865242219982
0.2447817066229837,-0.10553709651839642,0.07508339552426044,0.3174791503635927,-0.006356555709706952,0.1963683300408833,0.18128141665184969,0.025351417360221323,-0.09232310109833708,-0.13833976919079907,-0.1431558707561228,-0.17059499827229388,0.2462663695341313,-0.010538429839288797,0.39072755082222355,0.3696318676737238,0.4071291602334742,0.4061864199851064,0.35704362540866613,0.3976082345243144,0.3287444456206035,0.3545211840844248,0.594062460748291,0.7586957627807583,0.536368572171838,0.5852201529840281,0.2480421988697341,0.17598276070921298,0.4550515771760751,1.0,0.3976909518856582,0.059990685197353046,0.443796489911567,0.9688599681128707,0.39582871421003346,0.009390734232610179,0.19777036963753583,0.15511244348872127,0.17331460720246522,0.17306732584958046,0.18116035027693084,0.23435586285489102,0.23144980950918895,0.23101275027334744
0.20948266469473192,-0.11754246990321578,-0.061993428160160555,0.05551733839174552,0.14008134478307424,0.14525039318700603,0.1518524633754129,-0.012655921336360171,-0.0024777221272144845,-0.04625773984349862,-0.06299187011368922,-0.14814109215784074,0.2084529281517747,-0.036490567298946903,0.17813985060280824,0.15500632511890056,0.1995215216309655,0.17972465593442186,0.13715217546855057,0.16721826266039957,0.1190161122784508,0.13559862954644658,0.26109761244693214,0.3151052529992462,0.2261237071328178,0.26200573606846617,0.21081399880846785,0.07054904916824846,0.15831508725257543,0.3976909518856582,1.0,0.04633129537510951,0.16026377949192155,0.3910506121148183,0.99597770099629,-0.0038304054484467275,0.14790220616683925,0.11393913934543813,0.13315520554322702,0.13509663427638874,0.1479376813535702,0.18704595006995234,0.18547328690827258,0.1863600123317703
0.14998120136277626,0.5736492597214707,0.024497415159816485,0.011581709075243031,0.07582115160510643,-0.015170930328404263,-0.011331853551704543,-0.04627049688530061,0.6153831036463219,0.5451190802811418,0.5242023914045701,0.37784673970062194,0.15321166327478458,-0.045607329621966536,0.21441346792447138,0.23456451515153195,0.18453133091208912,-0.008429780156743862,0.31082615428819255,0.26661627307970565,0.2967290455230329,0.3030750190648449,0.2523732320189299,0.23905220345461478,0.207104089002097,0.24439081917124883,0.14664843645191397,0.6064528779949452,0.08555629856887488,0.059990685197353046,0.04633129537510951,1.0,0.12634677436131064,0.12785727954729934,0.05313442814828447,-0.038550352439007264,-0.0053365221265780985,0.012253703617434957,-0.0013415552916813279,0.0008808899489418205,-0.00759242759727862,-0.006778146058864987,-0.01337356686358624,-0.01564132843353486
0.13897108746166784,-0.061896270546317425,0.39778002358775266,0.07016634949454614,-0.0006749575331816098,0.09910667431443156,0.0611317758953511,0.011415324942435048,0.05102103869745519,0.005377858392802938,0.006091411524468391,-0.018932945828897752,0.1405112187163237,0.049111627502120815,0.6927324532398922,0.7382141979309247,0.6874747964696608,0.6676197831146904,0.34806754532566947,0.36883794308360546,0.31759345649392107,0.3436624865309061,0.3146433773728022,0.36450866290542244,0.28338284415515386,0.3109582850437235,0.1431812161233197,0.15581038123318092,0.9841342355478342,0.443796489911567,0.16026377949192155,0.12634677436131064,1.0,0.47368406326163903,0.17002301290187533,0.05530377671208025,0.1080640026295488,0.08019894962689902,0.07637307785532842,0.07188345092243817,0.07308029514269863,0.09690751840852205,0.09198841667783779,0.09563393102490997
0.21718644619099958,-0.10362278597351764,0.07699000075390433,0.2886828845613765,0.008110077975739193,0.1761791196895737,0.16234325033724784,0.013001207523969351,0.02694185517535518,-0.01887309179747992,-0.026310633981979165,-0.07521968302040573,0.2187883936872434,-0.011775670178764106,0.38487897920989045,0.3725195344383982,0.3956458862772352,0.37436028128755394,0.3568858916279841,0.4005669840048371,0.32088878100254115,0.3535342352217702,0.5720242545189771,0.7491469251885641,0.49936583426952064,0.5624021804169687,0.22035085793749876,0.16577894643049804,0.46087205079550325,0.9688599681128707,0.3910506121148183,0.12785727954729934,0.47368406326163903,1.0,0.3957415274806894,0.00859257046237317,0.18023582795744675,0.14637752027890835,0.15891716657833457,0.15889262658719902,0.16290616599073168,0.20130763426583378,0.1985589323039408,0.20097315745555816
0.20096133493860724,-0.11986318841579072,-0.06282371837058752,0.05386841183084525,0.13638273788909394,0.14779186941446942,0.15449734137113658,-0.016699164288197454,0.012636732349194317,-0.029171407403567162,-0.042513809623889044,-0.12416504730546658,0.20022953387189965,-0.03472978818998492,0.18340233223869598,0.16005640585135977,0.20298178863645866,0.1814587981878527,0.14144106635285658,0.16669669842386667,0.12353434886300206,0.14002097389251827,0.2662516664284214,0.3165225991567341,0.23206061656057655,0.2671303799332578,0.2023907854501116,0.06590774721215625,0.16460445438019877,0.39582871421003346,0.99597770099629,0.05313442814828447,0.17002301290187533,0.3957415274806894,1.0,-0.005224419923972108,0.15010460537986914,0.11824634509723199,0.13660002585637107,0.1386452170884946,0.15159100857477378,0.18656317356979485,0.18500184200241232,0.18745230164836352
0.029519363193476682,-0.03373391680984085,0.12615055240145867,-0.032872045511270584,-0.19305255546979216,0.23071549730258287,0.18334265009763817,0.19295555938667466,-0.01781597778267567,-0.02286110541329199,-0.02782243286139425,-0.052544720493885845,0.03826025558112148,0.5941839653795977,0.010924658320480026,0.025826058946315178,0.019769261013386552,0.018885745246773656,-0.030762149798205667,-0.014686087241207684,-0.029955741865451878,-0.03154347248284643,-0.0005624257333360025,0.038030613692373275,-0.007106375197973692,-0.003167356441636755,0.03858006596864335,-0.01411069523850388,0.06432100892109284,0.009390734232610179,-0.0038304054484467275,-0.038550352439007264,0.05530377671208025,0.00859257046237317,-0.005224419923972108,1.0,0.24799719342615142,0.18680456837306883,0.1857236745653334,0.16239293034621954,0.1635521921831564,0.16858666117330703,0.15944590449682236,0.15717829512271328
0.2415755977429308,-0.07923389025726668,0.09408013394957103,0.0327980124042345,-0.11865881486964909,0.9896684538777091,0.8825560336654474,0.10092248317098237,-0.03603947341625182,-0.07341877742963696,-0.06486818538360649,-0.07737910956046347,0.24893833810226,0.26926733583867507,0.09848215102994973,0.07738892731199047,0.11965713098694797,0.13495432609453928,0.06980798397270746,0.07113612442312355,0.07335429040348329,0.06850752461580102,0.13470842733058663,0.1505649665650162,0.12787593534475597,0.1310468098416427,0.24955957793774694,0.043801913358381926,0.11647776929663528,0.19777036963753583,0.14790220616683925,-0.0053365221265780985,0.1080640026295488,0.18023582795744675,0.15010460537986914,0.24799719342615142,1.0,0.8604644467100189,0.9077763737764248,0.8987799991394628,0.900771645632134,0.8970514480945365,0.8939583455289704,0.8990164682292534
0.20509581303670768,-0.05712684552206449,0.06439833615987121,0.014485020405294896,-0.0920841520402138,0.8458143121798155,0.9564046893875404,0.08168787343135409,-0.02494056133786125,-0.056105517402020064,-0.04904220805650402,-0.06877474941942743,0.21291539203211263,0.21031910719936514,0.06038266555959668,0.03823683764929518,0.08604723286629914,0.1095664963953085,0.059660545744784695,0.052426365910464214,0.06356498694643482,0.058889322973640544,0.10677351791581434,0.11452655131292701,0.09921967806811444,0.10363352142214059,0.2115705355463243,0.05961343142900692,0.08835835818457195,0.15511244348872127,0.11393913934543813,0.012253703617434957,0.08019894962689902,0.14637752027890835,0.11824634509723199,0.18680456837306883,0.8604644467100189,1.0,0.902767615495624,0.9046657565938858,0.8940172991829616,0.8736939114730093,0.8790314944498268,0.87560000028987
0.24115615160803683,-0.08123394913774111,0.06046084113967693,0.02072068804601828,-0.10635889282020164,0.9168180460237393,0.9221659379350549,0.09190874429214867,-0.01150824058801336,-0.036060587976564244,-0.02581394719564663,-0.0348057889067544,0.24767889309902152,0.2144540086678535,0.07975164799515765,0.06192256499069612,0.09613774193384114,0.10200019196097145,0.05455887109004124,0.056919226650679125,0.05651661838897996,0.053658501769770196,0.11846029359688247,0.1327937615816533,0.11172121163925355,0.11433000400676809,0.2480467340082599,0.017602202572539947,0.081182905747862,0.17331460720246522,0.13315520554322702,-0.0013415552916813279,0.07637307785532842,0.15891716657833457,0.13660002585637107,0.1857236745653334,0.9077763737764248,0.902767615495624,1.0,0.9977484947234238,0.9843339844093022,0.9511162438824831,0.9507945430501947,0.9510019221715957
0.23923765909742883,-0.08046267940085614,0.054153321272205415,0.023040728221560985,-0.09914628434836287,0.9080665878303357,0.9226957656775502,0.08372784327199587,-0.0077233667259546425,-0.0319711153425576,-0.021880854508499244,-0.031440742497033526,0.2453257704837049,0.1957319395253865,0.07820832844655122,0.05941995940121311,0.09372278342790469,0.09819965599662489,0.055050370531455534,0.05707427385798828,0.05675612703563709,0.05412357013124353,0.11851375181900466,0.1317590540230788,0.1116544118738638,0.11426973149222516,0.24556848440617796,0.016347891449029536,0.07600439200189758,0.17306732584958046,0.13509663427638874,0.0008808899489418205,0.07188345092243817,0.15889262658719902,0.1386452170884946,0.16239293034621954,0.8987799991394628,0.9046657565938858,0.9977484947234238,1.0,0.9851544531103326,0.948858924720114,0.9503805336542135,0.9504946287252051
0.23975243652760045,-0.07788576764943966,0.05104476224605527,0.029458339072284324,-0.08833273196233342,0.9104348389424072,0.9332361319460827,0.08002911797569821,-0.028115813332872972,-0.054706706648831725,-0.04174681265136916,-0.04511341926621689,0.24579709359892726,0.19996024570510468,0.07974374938329337,0.05821736249542871,0.098376679184865,0.11425359685192037,0.0580537458245083,0.05515025076534003,0.06208081501551891,0.05764858481886059,0.1267550878575796,0.13412505425212326,0.12253767084133091,0.12263557429472745,0.24596376564987882,0.022223407887305466,0.07878253654889818,0.18116035027693084,0.1479376813535702,-0.00759242759727862,0.07308029514269863,0.16290616599073168,0.15159100857477378,0.1635521921831564,0.900771645632134,0.8940172991829616,0.9843339844093022,0.9851544531103326,1.0,0.949698010552046,0.9520366001150854,0.97231562639458
0.35718183014612503,-0.09201913287655185,0.04854720706507305,0.0658595878300969,-0.10341297184802326,0.8977447487613244,0.9003902598635349,0.09735729053886484,-0.06930314211800911,-0.11225464178974333,-0.09897838374485565,-0.10266377462292427,0.36218109395906367,0.18646639011142466,0.10316976088268233,0.09109885658805318,0.13010367112090526,0.16044389784982124,0.0695181382673279,0.10101375961871084,0.07370236805731728,0.06755354654341154,0.14612408916202807,0.17744406568234172,0.14263277113809336,0.1409630441776193,0.36309847169167564,0.06673908092271537,0.10805405542513428,0.23435586285489102,0.18704595006995234,-0.006778146058864987,0.09690751840852205,0.20130763426583378,0.18656317356979485,0.16858666117330703,0.8970514480945365,0.8736939114730093,0.9511162438824831,0.948858924720114,0.949698010552046,1.0,0.9967419792294556,0.9806641087154607
0.35188522656356824,-0.10161918984366877,0.044083929442450466,0.06744201883687141,-0.10321110120953896,0.894793993157502,0.9057636495335004,0.09505473609764364,-0.0676292670708847,-0.10962664764652703,-0.09640257601269274,-0.09931346417644189,0.35675144874264464,0.17851075934113958,0.09743420135517929,0.08685353969262939,0.12391554092704109,0.154597473499956,0.06400855442040236,0.09982916642203413,0.06787696253409205,0.06197490911388851,0.1412969711694063,0.17637038722185217,0.13745106271584548,0.13573855102886964,0.3576240197697093,0.05579377580030839,0.10299580803197453,0.23144980950918895,0.18547328690827258,-0.01337356686358624,0.09198841667783779,0.1985589323039408,0.18500184200241232,0.15944590449682236,0.8939583455289704,0.8790314944498268,0.9507945430501947,0.9503805336542135,0.9520366001150854,0.9967419792294556,1.0,0.9844275069939104
0.3119876256126862,-0.10564384496920556,0.039967424805625866,0.058727223067189575,-0.09185366755267581,0.902742299005343,0.9192455856584517,0.08763522439169165,-0.06363370700066,-0.10325744206783288,-0.0890728894245676,-0.08848217354577599,0.3172283008678052,0.18700169841224737,0.10217112060522257,0.08145607388602732,0.12778529294966037,0.15985442098651104,0.07369976954205626,0.08476332210846538,0.07906281250655414,0.07257490076955649,0.15367901885172566,0.1695575633452426,0.15016563382480744,0.1480225451568704,0.31801441958420157,0.04728148666916256,0.10552865242219982,0.23101275027334744,0.1863600123317703,-0.01564132843353486,0.09563393102490997,0.20097315745555816,0.18745230164836352,0.15717829512271328,0.8990164682292534,0.87560000028987,0.9510019221715957,0.9504946287252051,0.97231562639458,0.9806641087154607,0.9844275069939104,1.0
