1.0,-0.003854562638524513,0.004038565190452928,0.04528309385258917,0.04739350595423979,0.07574393607667165,0.07590871805695833,0.01360902132531315,0.12844523927051804,0.09037521021102757,0.09532023242348228,0.02216322893685631,0.9765752308969622,-0.028819897809632206,-0.14521215331567452,-0.030185239729434373,-0.12480172403874842,-0.08544326024395715,-0.16580875093858397,0.030199421505378608,-0.1640324793984831,-0.17005157940315038,-0.16289816367902127,0.015076830030932612,-0.16609262875189973,-0.1652808868015614,0.9820434168358747,0.04965744199566113,0.004076039546295785,0.05501450010480584,0.054024476241014446,0.10255154803574261,0.016955143014678608,0.06380467885442279,0.05016174097913445,-0.015413636836529632,0.07081166466556711,0.048326461072435815,0.09814611016621518,0.09938204897415441,0.09083090845787979,0.18926841930567312,0.17954338094555933,0.13026000550641773
-0.003854562638524513,1.0,0.05360014146653019,0.039290095728816254,0.056316069458266074,-0.03553035929232516,-0.02780067355621507,-0.05170811704746058,-0.019074428478222615,-0.019161542182189205,-0.019760441142721637,-0.024888288711624865,-0.000537141149253809,-0.0345214003780869,-0.028614960711174937,-0.009678024709823773,-0.025764827621959085,-0.027617878792730373,-0.003089304540325182,0.01484315998092083,-0.00198512267835759,-0.007309871329910029,-0.06628387180120787,-0.070932034003166,-0.06685167319545862,-0.06702496486004134,-0.00668974405789993,0.5278405552656705,-0.026638763883990228,-0.09553965201187085,-0.07150052341709699,0.38482467788714436,-0.026343785547070342,-0.08679508652320891,-0.06622628942545436,-0.015561427005066762,-0.028695228757892727,-0.013163985564172918,-0.03558779676072988,-0.0350358493788259,-0.03398751950308205,-0.041010088853426704,-0.04461972636061806,-0.04848188483305931
0.004038565190452928,0.05360014146653019,1.0,0.10523352192266434,-0.0677414131382116,0.024168204470673624,-0.008631453756303274,0.023165113733558278,0.00488065460035119,-0.0005856823606517415,-0.0027181904564754856,-0.003284112801233077,0.00711349602234807,0.09007242759967227,0.1448282140412781,0.18574262799291488,0.15070561731413992,0.1314211123950035,0.03634851795062227,0.05383634701700137,0.038224777356024864,0.03482760294605022,0.014446506017912175,0.027378914209789253,0.025059590750286933,0.01447675261083442,0.008466005284573586,0.02414122117950871,0.2595540960624469,0.04868700228787267,-0.031255996314874926,0.025196027057735135,0.24186517085606263,0.03851013213453083,-0.02984286679672657,0.04604563921965445,0.027082205169394778,0.010120772333629709,0.007559556502564099,0.002625205190848411,-0.003094259222916314,0.002479366411491253,-0.0002147967659394105,-0.0062701999089224735
0.04528309385258917,0.039290095728816254,0.10523352192266434,1.0,0.03134725144077259,-0.009689577577583408,-0.012755383945511067,-0.028577122681603107,-0.022571756874096478,-0.018803914866315784,-0.012854129379729101,0.005562602736550436,0.045350398839210666,-0.05320173289109358,0.019014951131510735,0.041393567145474694,0.022768381986032787,0.0232323139952406,0.010954323056261641,0.04017848694811381,0.014086946807495709,0.010879443964812423,0.05178971233629139,0.08768072220979335,0.06022911905557597,0.04926996610497175,0.044906453322875114,0.015577240801985704,0.030791914459401038,0.18141839350788952,-0.006129562599852456,-0.0037724735990425245,0.030847206578113587,0.15278140838933832,-0.004927713859244532,-0.01669488317646186,-0.012677343297083369,-0.027904533154861935,-0.012630894100427049,-0.010613192631197433,-0.009896053987814868,-0.0013736750106598684,6.311998698597028e-05,-0.00032591825024270565
0.04739350595423979,0.056316069458266074,-0.0677414131382116,0.03134725144077259,1.0,-0.07063138587054887,-0.05498438939199413,-0.371404661939446,0.01582672112432262,0.010575943681703188,0.00777784886257889,0.006811846092068871,0.044960977864003444,-0.1410583156898295,0.012203157418892429,0.005301605789429564,0.0014169713528500362,0.010197353228079773,0.010196492912498526,0.017209482261688048,0.010537572764365271,0.014972541706409978,-0.022769547069667023,-0.02026281702380255,-0.033942260184847965,-0.022195292210782484,0.04380953970360101,0.045033149601221976,-0.02563022063342091,-0.02123302604023463,0.0614370852778611,0.04245546194771691,-0.01752768845987565,-0.005228463169755818,0.05522229982027125,-0.06316220075842532,-0.0667914162389806,-0.05116347095931928,-0.0631989215967965,-0.0588323103613274,-0.05118475560906684,-0.06200156659316238,-0.061141569023304775,-0.05204980871760935
0.07574393607667165,-0.03553035929232516,0.024168204470673624,-0.009689577577583408,-0.07063138587054887,1.0,0.4479719956037818,0.06362758719224265,0.007537834422618307,-0.011537632165915324,-0.006233885966881052,-0.0015394754982331741,0.07963393337049621,0.1311720278043343,0.05478052529532277,0.05194308685158226,0.06711777569506122,0.06196080674711763,0.04493445695408297,0.04423501089286469,0.04646567831024904,0.045031471807511186,0.07749188371966254,0.08798851507419785,0.07456211041844941,0.07724852568275488,0.07995240663620218,0.004671151789177097,0.03551784391452014,0.06500109022814192,0.017849237466683397,0.016542431805823977,0.03321508910121861,0.05490441757453651,0.01758378007776427,0.060713310980583864,0.5141523350520263,0.41257672472156665,0.47110147361661503,0.4600181571003626,0.460056810145522,0.43718733549609806,0.43272307582189357,0.4382432978944877
0.07590871805695833,-0.02780067355621507,-0.008631453756303274,-0.012755383945511067,-0.05498438939199413,0.4479719956037818,1.0,0.057436087664127826,0.025035019099180208,0.006701957910659985,0.01282967512778716,0.00942778800085037,0.08057866894899046,0.09999156078579523,0.03023139649569332,0.026672852183020897,0.04207211566099502,0.02985022309372988,0.03200758222356938,0.03107803104146965,0.034120042920448616,0.0321968348537016,0.06428252074397009,0.07059973384194693,0.05962898178832028,0.06382520326634096,0.07942350257868118,0.002541122318448925,0.008602026677560003,0.04446486842021521,0.012376238183366734,0.030844117229124977,0.008245889705637964,0.04129590899831256,0.012572776576913493,0.04509615522366794,0.44141042614917075,0.4596979582014926,0.4944679705172927,0.49459493360866574,0.5063214785127843,0.4535590906625312,0.45652846152803983,0.4711639288423615
0.01360902132531315,-0.05170811704746058,0.023165113733558278,-0.028577122681603107,-0.371404661939446,0.06362758719224265,0.057436087664127826,1.0,-0.061064313009990066,-0.06839312470586859,-0.07175195899513863,-0.053981649227948125,0.015767533099749934,0.11499428198861021,0.030717186529588512,0.040954161441469995,0.04555647211696221,0.05787277972874899,0.01699472348363482,0.029974236749671698,0.01701243526831009,0.017076992874193175,0.021862858869916898,0.030152986053156635,0.024181978724300578,0.020273946378667706,0.017077479845535173,-0.028396266425728182,0.01902448671048484,0.000947781121834301,-0.024572178592032187,-0.06348431899058747,0.010232198688740222,-0.014244779325333941,-0.023141662664867172,0.06566421657396498,0.0657270408493907,0.051306710885186096,0.056828224145428034,0.052024865193923235,0.05385072931031764,0.06867347533728026,0.06653005761971406,0.06190674450720813
0.12844523927051804,-0.019074428478222615,0.00488065460035119,-0.022571756874096478,0.01582672112432262,0.007537834422618307,0.025035019099180208,-0.061064313009990066,1.0,0.8799340768706874,0.8596697418141394,0.640792742486029,0.12741153351559228,-0.010297727434637206,-0.1923073401416046,-0.13047797514873147,-0.23422634217583185,-0.4033624003109272,-0.06582646649961917,-0.09918184044421265,-0.07147982925417361,-0.06868733673385373,-0.040464516089237124,-0.040355040303592216,-0.05855907833149331,-0.03633586385831265,0.12812712535216395,-0.17169514512838094,-0.0498718542583564,-0.056478028800532695,-0.004070053078638745,0.4399530643232057,0.01723610923454325,0.053630228239313404,0.006650805128664434,-0.022927452143705312,0.0025798439613801444,0.012088705308107283,0.03149329391184337,0.03378978275939927,0.03301956446035376,0.010591268028747037,0.013282980595889437,0.01640692988577924
0.09037521021102757,-0.019161542182189205,-0.0005856823606517415,-0.018803914866315784,0.010575943681703188,-0.011537632165915324,0.006701957910659985,-0.06839312470586859,0.8799340768706874,1.0,0.9355736291794188,0.6703793138390816,0.08960895843791145,-0.013985928251085647,-0.2071189839992991,-0.1489442153040289,-0.2526100781206341,-0.4213368093154586,-0.08725578469514131,-0.12229361785293631,-0.09616180678389134,-0.09096339060067866,-0.07118213998622627,-0.07261272583775731,-0.08785842028998056,-0.06740360621403588,0.08992886562080983,-0.18103682505978924,-0.06237243941969426,-0.07131876332697974,-0.011473854216979114,0.403566338803279,0.008820056737994663,0.045611975223916607,-0.0003312841784754274,-0.02709745927285031,-0.017941220918594014,-0.007083123982782611,0.015324706028846877,0.018061276339183828,0.016410916393270036,-0.013086353491346207,-0.010063314545052155,-0.004353205291032752
0.09532023242348228,-0.019760441142721637,-0.0027181904564754856,-0.012854129379729101,0.00777784886257889,-0.006233885966881052,0.01282967512778716,-0.07175195899513863,0.8596697418141394,0.9355736291794188,1.0,0.6917553528311232,0.09457758358083233,-0.012662433909578448,-0.21254889017896514,-0.1400122274521162,-0.25477786147572434,-0.4348975184548957,-0.11192842013775896,-0.14118828529184893,-0.120265722377766,-0.11307735219090037,-0.08852307883146066,-0.08171217392159738,-0.10721564721598237,-0.08522552435993744,0.09497197032681237,-0.1904299069775546,-0.06418239807882635,-0.07659943765870053,-0.012897123413247164,0.39166259731898084,0.00553408874995114,0.045160311378656164,-0.000789750780273869,-0.027525864913293834,-0.012897693764595281,-0.004062063710665748,0.022631596640104563,0.02540258585877853,0.02390239791060962,-0.006165525121705268,-0.0029873373376422905,0.0038615317066531766
0.02216322893685631,-0.024888288711624865,-0.003284112801233077,0.005562602736550436,0.006811846092068871,-0.0015394754982331741,0.00942778800085037,-0.053981649227948125,0.640792742486029,0.6703793138390816,0.6917553528311232,1.0,0.022121105093469,-0.010767022483665262,-0.15286990638883055,-0.09376277450454604,-0.19897819413866746,-0.3804546623936917,-0.08513321819096381,-0.1106522263260858,-0.09659239397835181,-0.08949310463154046,-0.035962316046060816,-0.03308764540945341,-0.06385697542137675,-0.039621898175723494,0.022118569760256244,-0.18121972462964328,-0.05306375694005971,-0.05987094916987262,-0.025878038362795022,0.31852020111541535,0.0016511244878247946,0.028872730977966672,-0.005913929361845842,-0.02853948296542905,-0.011663229759494175,-0.013083869505076666,0.017381466822806137,0.02058823885990703,0.025561854113516996,-0.0034472765335862555,-0.0003976092121775446,0.012957489590183145
0.9765752308969622,-0.000537141149253809,0.00711349602234807,0.045350398839210666,0.044960977864003444,0.07963393337049621,0.08057866894899046,0.015767533099749934,0.12741153351559228,0.08960895843791145,0.09457758358083233,0.022121105093469,1.0,-0.023793824401689753,-0.14476085921065565,-0.029936914342026416,-0.12391613690790744,-0.08479971897716132,-0.16310207621769995,0.0314125438036178,-0.16142440466770805,-0.1672431435762449,-0.16133077331939452,0.015634550340538966,-0.16438336719214944,-0.1637489612287821,0.9935802227580385,0.054184011435735265,0.004739768751834161,0.05595011653046412,0.05369071502252469,0.10703860943243716,0.017402148293995223,0.06451280155760325,0.04978181067404738,-0.012685116886233479,0.07470676288301203,0.05305177469666242,0.10169683798908755,0.1024202950204749,0.09409658170012354,0.19095008273016004,0.18123379176304572,0.13319676519936455
-0.028819897809632206,-0.0345214003780869,0.09007242759967227,-0.05320173289109358,-0.1410583156898295,0.1311720278043343,0.09999156078579523,0.11499428198861021,-0.010297727434637206,-0.013985928251085647,-0.012662433909578448,-0.010767022483665262,-0.023793824401689753,1.0,0.030487738880831308,0.03207946156198131,0.03795105628758103,0.030818850471015163,0.006042109085971429,-0.007330230484985107,0.00592096359923472,0.0058164295900627674,0.021217325597793886,0.021519909050146547,0.022712450451695745,0.021453870891170027,-0.022831665571601354,-0.018424979781447245,0.05315547137219591,0.007983650910817978,-0.009106921815999133,-0.02484264947652254,0.04280707882964758,-7.554938818855697e-05,-0.008736269944703286,0.15034971510650147,0.13107897276797617,0.09851121407710944,0.10228995566623296,0.09255100932027177,0.09390601431699709,0.09175822727609098,0.08784064173000657,0.09022668971652052
-0.14521215331567452,-0.028614960711174937,0.1448282140412781,0.019014951131510735,0.012203157418892429,0.05478052529532277,0.03023139649569332,0.030717186529588512,-0.1923073401416046,-0.2071189839992991,-0.21254889017896514,-0.15286990638883055,-0.14476085921065565,0.030487738880831308,1.0,0.661981564589475,0.8680433832650896,0.6886590544450523,0.5261170981949778,0.3695182353934659,0.5139398622461463,0.526855973742946,0.4729289332263999,0.3175690252049166,0.4717811288676843,0.4787247281763876,-0.14312111562880203,0.14420154548872846,0.37437336786439546,0.24950187283700084,0.061901957994453784,0.030393782357030077,0.36209029659713227,0.2021553069197776,0.05641271584271959,0.01584615656633833,0.05721687939270359,0.048592805063227475,0.0354573444664907,0.033537953727879974,0.03556321569156728,0.03154353104084203,0.027388292397065656,0.040794544911285965
-0.030185239729434373,-0.009678024709823773,0.18574262799291488,0.041393567145474694,0.005301605789429564,0.05194308685158226,0.026672852183020897,0.040954161441469995,-0.13047797514873147,-0.1489442153040289,-0.1400122274521162,-0.09376277450454604,-0.029936914342026416,0.03207946156198131,0.661981564589475,1.0,0.6911080348688295,0.5446308935422014,0.36312119532622045,0.390356918829022,0.35034481170731985,0.3609392932258836,0.32461690595528064,0.34086381863359944,0.31574423316414657,0.3206095525323679,-0.02780702798029236,0.14626324114894287,0.4302054701004519,0.24947745344549183,0.059108889866867576,0.04910017436759471,0.418246921308818,0.21151047040152285,0.05356043299278207,0.016369441864789495,0.054880586092880906,0.03937107583922051,0.03556720776893644,0.033276189299991626,0.03236547053039098,0.043681179302491636,0.0397515168512306,0.04560862512987047
-0.12480172403874842,-0.025764827621959085,0.15070561731413992,0.022768381986032787,0.0014169713528500362,0.06711777569506122,0.04207211566099502,0.04555647211696221,-0.23422634217583185,-0.2526100781206341,-0.25477786147572434,-0.19897819413866746,-0.12391613690790744,0.03795105628758103,0.8680433832650896,0.6911080348688295,1.0,0.7297179606836696,0.5330391135480811,0.3687778519062374,0.530673982839823,0.5386342892849534,0.4959679150224669,0.31057510180976206,0.49568225672866223,0.4936948013609771,-0.12214578197916227,0.1647641499040617,0.3814197711174246,0.25140940155085423,0.06496692327287815,0.020637981875277576,0.35565368129732,0.19630858989713545,0.05841127260732021,0.02050126949091725,0.0700917944502283,0.06022323183585598,0.04505894356720656,0.04261319612363707,0.045451401432605634,0.04618649392607908,0.041888612762956,0.0538343864874644
-0.08544326024395715,-0.027617878792730373,0.1314211123950035,0.0232323139952406,0.010197353228079773,0.06196080674711763,0.02985022309372988,0.05787277972874899,-0.4033624003109272,-0.4213368093154586,-0.4348975184548957,-0.3804546623936917,-0.08479971897716132,0.030818850471015163,0.6886590544450523,0.5446308935422014,0.7297179606836696,1.0,0.41729530504493667,0.31134387768335525,0.4108121278512573,0.4290364361412463,0.3954996020489276,0.24914702394416566,0.3975338790462663,0.396439802214774,-0.08303615023671472,0.17999724975219167,0.3624907191919132,0.237214502113906,0.06510244218064484,-0.11026036240644882,0.34851248594124784,0.17704368088409733,0.056956392417198506,0.022171463576981052,0.06740316892355379,0.051732064745062596,0.030374488286895405,0.0267375504473346,0.03128598668169611,0.04843023601176999,0.043219956681515605,0.04795206181033766
-0.16580875093858397,-0.003089304540325182,0.03634851795062227,0.010954323056261641,0.010196492912498526,0.04493445695408297,0.03200758222356938,0.01699472348363482,-0.06582646649961917,-0.08725578469514131,-0.11192842013775896,-0.08513321819096381,-0.16310207621769995,0.006042109085971429,0.5261170981949778,0.36312119532622045,0.5330391135480811,0.41729530504493667,1.0,0.5177102407175952,0.909916267733993,0.9583268052450165,0.6533762884201297,0.32751438356702267,0.637841155128978,0.6609281595227364,-0.16473037459157427,0.16404478060862096,0.1921056747137755,0.21504550420830462,0.04549487664521994,0.15284874430063447,0.1811474787379248,0.18607159664526937,0.04145108595325846,0.014679941204110437,0.05206399518162652,0.0600073965487037,0.03421552944562751,0.033625998320320975,0.03452906771263981,0.02101015429595658,0.017648595540002854,0.029902415871442854
0.030199421505378608,0.01484315998092083,0.05383634701700137,0.04017848694811381,0.017209482261688048,0.04423501089286469,0.03107803104146965,0.029974236749671698,-0.09918184044421265,-0.12229361785293631,-0.14118828529184893,-0.1106522263260858,0.0314125438036178,-0.007330230484985107,0.3695182353934659,0.390356918829022,0.3687778519062374,0.31134387768335525,0.5177102407175952,1.0,0.48569172559334217,0.4931871750150689,0.2964562620731211,0.4257342726531146,0.2821466726080778,0.29064637689280937,0.029855072455688674,0.149866628562263,0.215267262995807,0.24792718151168344,0.05021467487799653,0.07624736342671713,0.20762654096844613,0.21963415374465736,0.04573736124684599,0.00934071522811114,0.051102406503616665,0.04630925574080541,0.03987213473451466,0.039748404105326,0.03406001306170051,0.04534523838134882,0.04392113597293713,0.039453178023390885
-0.1640324793984831,-0.00198512267835759,0.038224777356024864,0.014086946807495709,0.010537572764365271,0.04646567831024904,0.034120042920448616,0.01701243526831009,-0.07147982925417361,-0.09616180678389134,-0.120265722377766,-0.09659239397835181,-0.16142440466770805,0.00592096359923472,0.5139398622461463,0.35034481170731985,0.530673982839823,0.4108121278512573,0.909916267733993,0.48569172559334217,1.0,0.9117846685766671,0.6580058535910438,0.3079575837868391,0.6692820539043921,0.67003741368427,-0.16292661908046394,0.16369339732503635,0.18439145486944516,0.20466818901083675,0.040031563051237645,0.14699669617992886,0.16726111684716433,0.16861050329108512,0.035526595468642175,0.015267681672092276,0.05380965917814222,0.061743486766607555,0.03501181963116099,0.03426772764135742,0.035877397241635606,0.024208387132393303,0.020758457691233658,0.032420480279595036
-0.17005157940315038,-0.007309871329910029,0.03482760294605022,0.010879443964812423,0.014972541706409978,0.045031471807511186,0.0321968348537016,0.017076992874193175,-0.06868733673385373,-0.09096339060067866,-0.11307735219090037,-0.08949310463154046,-0.1672431435762449,0.0058164295900627674,0.526855973742946,0.3609392932258836,0.5386342892849534,0.4290364361412463,0.9583268052450165,0.4931871750150689,0.9117846685766671,1.0,0.6570109566025628,0.3135070071483227,0.6457272124828428,0.6682973588234682,-0.1688998067731761,0.1633422268969424,0.1911947174771498,0.21412798900549154,0.04921980451688229,0.14906715713058147,0.17999674295861684,0.18464282150478833,0.04458786756967074,0.0145645670127051,0.05249437755026343,0.06077448530079466,0.03339172666286796,0.03261880250185064,0.034541597428679384,0.021172395082398602,0.017628521514164983,0.030458027332838283
-0.16289816367902127,-0.06628387180120787,0.014446506017912175,0.05178971233629139,-0.022769547069667023,0.07749188371966254,0.06428252074397009,0.021862858869916898,-0.040464516089237124,-0.07118213998622627,-0.08852307883146066,-0.035962316046060816,-0.16133077331939452,0.021217325597793886,0.4729289332263999,0.32461690595528064,0.4959679150224669,0.3954996020489276,0.6533762884201297,0.2964562620731211,0.6580058535910438,0.6570109566025628,1.0,0.4854578993027905,0.9016730798607171,0.9705332068017571,-0.16041110877966674,0.09086949689480449,0.17070114084800306,0.3490712963412332,0.08411014668800593,0.13006030420313783,0.16194738893381588,0.3009540957398686,0.07879739436160711,0.019956962310558473,0.07840183949595468,0.06909868411616796,0.06483495297359627,0.06357815175178605,0.06774657881668018,0.06292732097394522,0.059116963156947665,0.07267289975329706
0.015076830030932612,-0.070932034003166,0.027378914209789253,0.08768072220979335,-0.02026281702380255,0.08798851507419785,0.07059973384194693,0.030152986053156635,-0.040355040303592216,-0.07261272583775731,-0.08171217392159738,-0.03308764540945341,0.015634550340538966,0.021519909050146547,0.3175690252049166,0.34086381863359944,0.31057510180976206,0.24914702394416566,0.32751438356702267,0.4257342726531146,0.3079575837868391,0.3135070071483227,0.4854578993027905,1.0,0.4498111991281674,0.47548300546289635,0.017337272953011566,0.06962997397253742,0.20294283422398934,0.49554965435868203,0.10744236556918375,0.04252201689552758,0.19489800099863802,0.44322163029622047,0.0976384718669318,0.017477522048918264,0.08734588494252608,0.06419109241342934,0.07901828705107894,0.0779799329127482,0.07519071686414354,0.09065064440248445,0.0870922665015727,0.08687500413040686
-0.16609262875189973,-0.06685167319545862,0.025059590750286933,0.06022911905557597,-0.033942260184847965,0.07456211041844941,0.05962898178832028,0.024181978724300578,-0.05855907833149331,-0.08785842028998056,-0.10721564721598237,-0.06385697542137675,-0.16438336719214944,0.022712450451695745,0.4717811288676843,0.31574423316414657,0.49568225672866223,0.3975338790462663,0.637841155128978,0.2821466726080778,0.6692820539043921,0.6457272124828428,0.9016730798607171,0.4498111991281674,1.0,0.914689884222832,-0.1635783572162723,0.09238669689874814,0.17052478373532393,0.34072183189508104,0.0772321214932268,0.11079109773217313,0.1541202749956957,0.268918275117488,0.07098344573744515,0.019946489360330496,0.07389131014777392,0.06357332477481369,0.05995838378758384,0.058624048305182294,0.06296560732010982,0.061550921229508025,0.05794237096305228,0.07065385031119278
-0.1652808868015614,-0.06702496486004134,0.01447675261083442,0.04926996610497175,-0.022195292210782484,0.07724852568275488,0.06382520326634096,0.020273946378667706,-0.03633586385831265,-0.06740360621403588,-0.08522552435993744,-0.039621898175723494,-0.1637489612287821,0.021453870891170027,0.4787247281763876,0.3206095525323679,0.4936948013609771,0.396439802214774,0.6609281595227364,0.29064637689280937,0.67003741368427,0.6682973588234682,0.9705332068017571,0.47548300546289635,0.914689884222832,1.0,-0.16285753313485873,0.09152712884336715,0.16939565772992604,0.34441453148161066,0.08482520824612715,0.13113595085903015,0.1606857475386667,0.2973680806677958,0.0794282519183492,0.019927980070536807,0.07825452152431327,0.06890058423190047,0.06446040713172756,0.0631823718784458,0.06733485463396421,0.06220480971729726,0.05835203063334967,0.07200790169464838
0.9820434168358747,-0.00668974405789993,0.008466005284573586,0.044906453322875114,0.04380953970360101,0.07995240663620218,0.07942350257868118,0.017077479845535173,0.12812712535216395,0.08992886562080983,0.09497197032681237,0.022118569760256244,0.9935802227580385,-0.022831665571601354,-0.14312111562880203,-0.02780702798029236,-0.12214578197916227,-0.08303615023671472,-0.16473037459157427,0.029855072455688674,-0.16292661908046394,-0.1688998067731761,-0.16041110877966674,0.017337272953011566,-0.1635783572162723,-0.16285753313485873,1.0,0.048231784248725,0.007063919579742192,0.05760081385267005,0.054931733619029754,0.1010838678651537,0.0196535936238782,0.06601690184278383,0.05096805146595196,-0.012164870845848871,0.07499150651878966,0.05200439680708571,0.10205516601452376,0.10270530478761698,0.0943051435869095,0.19174635625294745,0.18197653541609907,0.13374349993279308
0.04965744199566113,0.5278405552656705,0.02414122117950871,0.015577240801985704,0.045033149601221976,0.004671151789177097,0.002541122318448925,-0.028396266425728182,-0.17169514512838094,-0.18103682505978924,-0.1904299069775546,-0.18121972462964328,0.054184011435735265,-0.018424979781447245,0.14420154548872846,0.14626324114894287,0.1647641499040617,0.17999724975219167,0.16404478060862096,0.149866628562263,0.16369339732503635,0.1633422268969424,0.09086949689480449,0.06962997397253742,0.09238669689874814,0.09152712884336715,0.048231784248725,1.0,0.08489508139727066,0.070460304659573,-0.007030105627788526,0.40817474084745925,0.0692707253186723,0.04852484841979644,-0.00933110700703433,-0.01110153332833211,0.013059128572172821,0.021083642779560794,-0.008760092397028147,-0.009463051253940154,-0.004344058710425238,0.014778398360296055,0.009177908187734108,0.007087800946809808
0.004076039546295785,-0.026638763883990228,0.2595540960624469,0.030791914459401038,-0.02563022063342091,0.03551784391452014,0.008602026677560003,0.01902448671048484,-0.0498718542583564,-0.06237243941969426,-0.06418239807882635,-0.05306375694005971,0.004739768751834161,0.05315547137219591,0.37437336786439546,0.4302054701004519,0.3814197711174246,0.3624907191919132,0.1921056747137755,0.215267262995807,0.18439145486944516,0.1911947174771498,0.17070114084800306,0.20294283422398934,0.17052478373532393,0.16939565772992604,0.007063919579742192,0.08489508139727066,1.0,0.23009315704964692,0.044580294731385486,0.02300024739405312,0.4311341872207727,0.196265593619341,0.03999035363475641,0.02605887760825847,0.03778198188571533,0.021122169097078664,0.0214549397526379,0.01763312269434972,0.01623558440463556,0.027565704287352232,0.02476070848553545,0.024684961223277353
0.05501450010480584,-0.09553965201187085,0.04868700228787267,0.18141839350788952,-0.02123302604023463,0.06500109022814192,0.04446486842021521,0.000947781121834301,-0.056478028800532695,-0.07131876332697974,-0.07659943765870053,-0.05987094916987262,0.05595011653046412,0.007983650910817978,0.24950187283700084,0.24947745344549183,0.25140940155085423,0.237214502113906,0.21504550420830462,0.24792718151168344,0.20466818901083675,0.21412798900549154,0.3490712963412332,0.49554965435868203,0.34072183189508104,0.34441453148161066,0.05760081385267005,0.070460304659573,0.23009315704964692,1.0,0.11157963827764862,0.009996238260807021,0.21776742731878443,0.5008210473849387,0.11042570396191652,0.0007193689576458569,0.06032678920367224,0.03332488897445963,0.05262089391887752,0.05181684145069143,0.05337446711308349,0.07386362961499417,0.07123570435818395,0.07305809614802285
0.054024476241014446,-0.07150052341709699,-0.031255996314874926,-0.006129562599852456,0.0614370852778611,0.017849237466683397,0.012376238183366734,-0.024572178592032187,-0.004070053078638745,-0.011473854216979114,-0.012897123413247164,-0.025878038362795022,0.05369071502252469,-0.009106921815999133,0.061901957994453784,0.059108889866867576,0.06496692327287815,0.06510244218064484,0.04549487664521994,0.05021467487799653,0.040031563051237645,0.04921980451688229,0.08411014668800593,0.10744236556918375,0.0772321214932268,0.08482520824612715,0.054931733619029754,-0.007030105627788526,0.044580294731385486,0.11157963827764862,1.0,-0.00780830583814089,0.04514951151644034,0.11658798746412269,0.27639152869517364,-0.005635216412511656,0.012170421033789462,0.0017888546577892893,0.01265696630211533,0.013259253078026022,0.01315030204955415,0.02536851135405019,0.024578887174760387,0.022977945501983867
0.10255154803574261,0.38482467788714436,0.025196027057735135,-0.0037724735990425245,0.04245546194771691,0.016542431805823977,0.030844117229124977,-0.06348431899058747,0.4399530643232057,0.403566338803279,0.39166259731898084,0.31852020111541535,0.10703860943243716,-0.02484264947652254,0.030393782357030077,0.04910017436759471,0.020637981875277576,-0.11026036240644882,0.15284874430063447,0.07624736342671713,0.14699669617992886,0.14906715713058147,0.13006030420313783,0.04252201689552758,0.11079109773217313,0.13113595085903015,0.1010838678651537,0.40817474084745925,0.02300024739405312,0.009996238260807021,-0.00780830583814089,1.0,0.06068915122246641,0.0702389582535769,-0.002419059809340662,-0.023229012973227908,0.019081030219764965,0.03520346650307038,0.02859319588553148,0.0299697333139883,0.033296696288268646,0.022538343083508716,0.020493271317830193,0.02505290138222834
0.016955143014678608,-0.026343785547070342,0.24186517085606263,0.030847206578113587,-0.01752768845987565,0.03321508910121861,0.008245889705637964,0.010232198688740222,0.01723610923454325,0.008820056737994663,0.00553408874995114,0.0016511244878247946,0.017402148293995223,0.04280707882964758,0.36209029659713227,0.418246921308818,0.35565368129732,0.34851248594124784,0.1811474787379248,0.20762654096844613,0.16726111684716433,0.17999674295861684,0.16194738893381588,0.19489800099863802,0.1541202749956957,0.1606857475386667,0.0196535936238782,0.0692707253186723,0.4311341872207727,0.21776742731878443,0.04514951151644034,0.06068915122246641,1.0,0.22228297467257066,0.0427561674648558,0.019422501493661894,0.03467933785273844,0.018642958610532414,0.021160913953662316,0.017909672386961565,0.01752516547985495,0.02619113970111954,0.023594441689197564,0.024881582099698676
0.06380467885442279,-0.08679508652320891,0.03851013213453083,0.15278140838933832,-0.005228463169755818,0.05490441757453651,0.04129590899831256,-0.014244779325333941,0.053630228239313404,0.045611975223916607,0.045160311378656164,0.028872730977966672,0.06451280155760325,-7.554938818855697e-05,0.2021553069197776,0.21151047040152285,0.19630858989713545,0.17704368088409733,0.18607159664526937,0.21963415374465736,0.16861050329108512,0.18464282150478833,0.3009540957398686,0.44322163029622047,0.268918275117488,0.2973680806677958,0.06601690184278383,0.04852484841979644,0.196265593619341,0.5008210473849387,0.11658798746412269,0.0702389582535769,0.22228297467257066,1.0,0.11067078197143738,-0.004630726001120215,0.05120426566670584,0.03120040822110149,0.0478977427190915,0.0476775676476828,0.04972357660845233,0.060976390798704344,0.058816087928396585,0.06291493442585858
0.05016174097913445,-0.06622628942545436,-0.02984286679672657,-0.004927713859244532,0.05522229982027125,0.01758378007776427,0.012572776576913493,-0.023141662664867172,0.006650805128664434,-0.0003312841784754274,-0.000789750780273869,-0.005913929361845842,0.04978181067404738,-0.008736269944703286,0.05641271584271959,0.05356043299278207,0.05841127260732021,0.056956392417198506,0.04145108595325846,0.04573736124684599,0.035526595468642175,0.04458786756967074,0.07879739436160711,0.0976384718669318,0.07098344573744515,0.0794282519183492,0.05096805146595196,-0.00933110700703433,0.03999035363475641,0.11042570396191652,0.27639152869517364,-0.002419059809340662,0.0427561674648558,0.11067078197143738,1.0,-0.005706695174765652,0.012198736864748644,0.002030389359000527,0.01320356581892479,0.013830282053881275,0.013982266803790581,0.02451377231314771,0.02380168129600701,0.02273797539461568
-0.015413636836529632,-0.015561427005066762,0.04604563921965445,-0.01669488317646186,-0.06316220075842532,0.060713310980583864,0.04509615522366794,0.06566421657396498,-0.022927452143705312,-0.02709745927285031,-0.027525864913293834,-0.02853948296542905,-0.012685116886233479,0.15034971510650147,0.01584615656633833,0.016369441864789495,0.02050126949091725,0.022171463576981052,0.014679941204110437,0.00934071522811114,0.015267681672092276,0.0145645670127051,0.019956962310558473,0.017477522048918264,0.019946489360330496,0.019927980070536807,-0.012164870845848871,-0.01110153332833211,0.02605887760825847,0.0007193689576458569,-0.005635216412511656,-0.023229012973227908,0.019422501493661894,-0.004630726001120215,-0.005706695174765652,1.0,0.06548713607623231,0.04941560811584079,0.04843510182989753,0.041426896430219254,0.04272842226775893,0.042109735491272005,0.03912669953557962,0.040876540918139664
0.07081166466556711,-0.028695228757892727,0.027082205169394778,-0.012677343297083369,-0.0667914162389806,0.5141523350520263,0.44141042614917075,0.0657270408493907,0.0025798439613801444,-0.017941220918594014,-0.012897693764595281,-0.011663229759494175,0.07470676288301203,0.13107897276797617,0.05721687939270359,0.054880586092880906,0.0700917944502283,0.06740316892355379,0.05206399518162652,0.051102406503616665,0.05380965917814222,0.05249437755026343,0.07840183949595468,0.08734588494252608,0.07389131014777392,0.07825452152431327,0.07499150651878966,0.013059128572172821,0.03778198188571533,0.06032678920367224,0.012170421033789462,0.019081030219764965,0.03467933785273844,0.05120426566670584,0.012198736864748644,0.06548713607623231,1.0,0.4232639553730483,0.45876182416048256,0.44772683319753104,0.4522387328545091,0.4320209679559769,0.4267150132520366,0.43601637547840416
0.048326461072435815,-0.013163985564172918,0.010120772333629709,-0.027904533154861935,-0.05116347095931928,0.41257672472156665,0.4596979582014926,0.051306710885186096,0.012088705308107283,-0.007083123982782611,-0.004062063710665748,-0.013083869505076666,0.05305177469666242,0.09851121407710944,0.048592805063227475,0.03937107583922051,0.06022323183585598,0.051732064745062596,0.0600073965487037,0.04630925574080541,0.061743486766607555,0.06077448530079466,0.06909868411616796,0.06419109241342934,0.06357332477481369,0.06890058423190047,0.05200439680708571,0.021083642779560794,0.021122169097078664,0.03332488897445963,0.0017888546577892893,0.03520346650307038,0.018642958610532414,0.03120040822110149,0.002030389359000527,0.04941560811584079,0.4232639553730483,1.0,0.4553527321657895,0.4558532747937727,0.44195275236390147,0.41830140598160187,0.4189679134008269,0.4174913038754852
0.09814611016621518,-0.03558779676072988,0.007559556502564099,-0.012630894100427049,-0.0631989215967965,0.47110147361661503,0.4944679705172927,0.056828224145428034,0.03149329391184337,0.015324706028846877,0.022631596640104563,0.017381466822806137,0.10169683798908755,0.10228995566623296,0.0354573444664907,0.03556720776893644,0.04505894356720656,0.030374488286895405,0.03421552944562751,0.03987213473451466,0.03501181963116099,0.03339172666286796,0.06483495297359627,0.07901828705107894,0.05995838378758384,0.06446040713172756,0.10205516601452376,-0.008760092397028147,0.0214549397526379,0.05262089391887752,0.01265696630211533,0.02859319588553148,0.021160913953662316,0.0478977427190915,0.01320356581892479,0.04843510182989753,0.45876182416048256,0.4553527321657895,1.0,0.580814076392331,0.534977514159595,0.4984054457776892,0.49748788956360357,0.4918380350318072
0.09938204897415441,-0.0350358493788259,0.002625205190848411,-0.010613192631197433,-0.0588323103613274,0.4600181571003626,0.49459493360866574,0.052024865193923235,0.03378978275939927,0.018061276339183828,0.02540258585877853,0.02058823885990703,0.1024202950204749,0.09255100932027177,0.033537953727879974,0.033276189299991626,0.04261319612363707,0.0267375504473346,0.033625998320320975,0.039748404105326,0.03426772764135742,0.03261880250185064,0.06357815175178605,0.0779799329127482,0.058624048305182294,0.0631823718784458,0.10270530478761698,-0.009463051253940154,0.01763312269434972,0.05181684145069143,0.013259253078026022,0.0299697333139883,0.017909672386961565,0.0476775676476828,0.013830282053881275,0.041426896430219254,0.44772683319753104,0.4558532747937727,0.580814076392331,1.0,0.5379845351324746,0.4973078536089384,0.4993274780993184,0.4932482752128349
0.09083090845787979,-0.03398751950308205,-0.003094259222916314,-0.009896053987814868,-0.05118475560906684,0.460056810145522,0.5063214785127843,0.05385072931031764,0.03301956446035376,0.016410916393270036,0.02390239791060962,0.025561854113516996,0.09409658170012354,0.09390601431699709,0.03556321569156728,0.03236547053039098,0.045451401432605634,0.03128598668169611,0.03452906771263981,0.03406001306170051,0.035877397241635606,0.034541597428679384,0.06774657881668018,0.07519071686414354,0.06296560732010982,0.06733485463396421,0.0943051435869095,-0.004344058710425238,0.01623558440463556,0.05337446711308349,0.01315030204955415,0.033296696288268646,0.01752516547985495,0.04972357660845233,0.013982266803790581,0.04272842226775893,0.4522387328545091,0.44195275236390147,0.534977514159595,0.5379845351324746,1.0,0.4893579269543445,0.4919213583877895,0.5249286157912854
0.18926841930567312,-0.041010088853426704,0.002479366411491253,-0.0013736750106598684,-0.06200156659316238,0.43718733549609806,0.4535590906625312,0.06867347533728026,0.010591268028747037,-0.013086353491346207,-0.006165525121705268,-0.0034472765335862555,0.19095008273016004,0.09175822727609098,0.03154353104084203,0.043681179302491636,0.04618649392607908,0.04843023601176999,0.02101015429595658,0.04534523838134882,0.024208387132393303,0.021172395082398602,0.06292732097394522,0.09065064440248445,0.061550921229508025,0.06220480971729726,0.19174635625294745,0.014778398360296055,0.027565704287352232,0.07386362961499417,0.02536851135405019,0.022538343083508716,0.02619113970111954,0.060976390798704344,0.02451377231314771,0.042109735491272005,0.4320209679559769,0.41830140598160187,0.4984054457776892,0.4973078536089384,0.4893579269543445,1.0,0.5753126797744932,0.5280994024080343
0.17954338094555933,-0.04461972636061806,-0.0002147967659394105,6.311998698597028e-05,-0.061141569023304775,0.43272307582189357,0.45652846152803983,0.06653005761971406,0.013282980595889437,-0.010063314545052155,-0.0029873373376422905,-0.0003976092121775446,0.18123379176304572,0.08784064173000657,0.027388292397065656,0.0397515168512306,0.041888612762956,0.043219956681515605,0.017648595540002854,0.04392113597293713,0.020758457691233658,0.017628521514164983,0.059116963156947665,0.0870922665015727,0.05794237096305228,0.05835203063334967,0.18197653541609907,0.009177908187734108,0.02476070848553545,0.07123570435818395,0.024578887174760387,0.020493271317830193,0.023594441689197564,0.058816087928396585,0.02380168129600701,0.03912669953557962,0.4267150132520366,0.4189679134008269,0.49748788956360357,0.4993274780993184,0.4919213583877895,0.5753126797744932,1.0,0.5329362813658453
0.13026000550641773,-0.04848188483305931,-0.0062701999089224735,-0.00032591825024270565,-0.05204980871760935,0.4382432978944877,0.4711639288423615,0.06190674450720813,0.01640692988577924,-0.004353205291032752,0.0038615317066531766,0.012957489590183145,0.13319676519936455,0.09022668971652052,0.040794544911285965,0.04560862512987047,0.0538343864874644,0.04795206181033766,0.029902415871442854,0.039453178023390885,0.032420480279595036,0.030458027332838283,0.07267289975329706,0.08687500413040686,0.07065385031119278,0.07200790169464838,0.13374349993279308,0.007087800946809808,0.024684961223277353,0.07305809614802285,0.022977945501983867,0.02505290138222834,0.024881582099698676,0.06291493442585858,0.02273797539461568,0.040876540918139664,0.43601637547840416,0.4174913038754852,0.4918380350318072,0.4932482752128349,0.5249286157912854,0.5280994024080343,0.5329362813658453,1.0
